6338
4813
5246
2666
6510
9811
5508
7760
2461
252
4528
2874
7233
4988
1786
3558
9842
6557
3792
8450
1961
73
8399
6863
502
8676
9787
6986
1062
2787
5476
1880
6013
5251
8997
5070
2720
9693
9693
9759
4227
764
5655
3660
7689
1463
5016
319
5742
8514
3018
9130
395
3229
6204
4557
35
4459
1644
2913
415
9593
7122
4204
3500
9743
1904
4134
7072
3526
8520
6390
984
386
5668
3258
8357
1764
4407
4703
8227
9897
9554
9787
8316
8925
8140
8016
3803
8645
7459
8506
8574
2429
5171
6997
1659
7070
2626
1226
4420
3946
2245
7144
311
7351
1350
3755
8740
3195
5723
6717
4974
1913
901
9168
5692
5196
3179
9544
9777
5594
1880
4590
330
1895
4580
239
4079
4058
2269
3833
727
908
9525
7037
445
476
8376
4272
8657
2392
44
5926
3071
4638
2277
9198
4528
1039
1603
8494
2520
2454
6191
1702
1786
4808
5844
9174
3425
8537
5981
3128
4471
3038
4114
6117
8049
254
364
7026
6085
1001
7682
4173
3972
8437
2167
6683
4101
5328
7824
4034
3109
4857
1373
5642
5202
8700
5099
7340
3581
7823
8617
7087
1896
697
6111
2566
395
8903
8724
4980
1601
3786
7085
2471
8059
8412
2666
7126
9501
2451
4399
7481
779
9572
6019
7038
6965
2821
2922
49
8703
5699
8698
6872
770
4882
6164
6636
5441
7027
2857
9069
9981
474
8129
4092
8010
9958
748
1333
1382
6022
9534
4809
2390
3209
1306
3557
5905
8755
8920
6120
5272
4224
6023
6827
8748
1349
8600
1453
8750
4079
1345
5884
6011
3839
1718
9845
4397
8146
9780
202
785
1365
6979
8090
8155
7382
7664
970
8473
3050
4943
1518
5967
3248
1488
3511
5064
6915
9375
7888
1526
9543
3621
2123
2306
6446
3071
3629
1796
2946
9365
563
1271
4016
8721
365
2209
1329
9444
7696
7382
7922
4286
2574
8028
9402
4806
1187
6284
5460
1945
8728
8180
4755
6792
3997
5608
7774
9835
3282
6578
2275
761
4247
3713
243
9439
4974
3631
9490
4088
8699
8482
4622
9953
1279
9404
9388
4435
1423
2286
1922
2004
9466
6986
2153
5946
9605
6527
4258
8637
1435
3221
1049
1112
2838
3112
505
5172
5218
8520
3366
4890
7634
1260
3504
7815
705
3713
4933
9897
9959
7049
4711
6803
862
3544
9735
9770
5760
9049
8224
186
206
3388
9296
4525
9815
626
3743
7478
1301
6507
1161
5451
5807
520
6638
3359
3059
5801
6859
3998
9300
6403
7967
6521
3759
2322
9364
4778
9086
1401
2528
9521
464
5544
1040
8149
285
4554
7398
1769
1100
148
5787
1258
3161
6675
8778
1414
4575
3091
7433
2089
2508
1499
7934
6333
2568
3842
3203
7066
4715
4516
6325
2164
5679
4848
3737
6503
4655
7441
5364
5998
9944
3295
673
2934
1912
3456
2120
274
3567
3995
2407
3838
3544
3983
4349
3765
2823
3190
6976
2983
1986
8740
8469
6113
4227
6083
9797
2672
9061
9725
4081
6586
408
7240
2313
6892
1150
228
55
2531
9003
5443
7147
8589
6982
4696
6860
4875
3053
4979
841
7698
10
1209
3377
8554
5230
1049
2144
9722
1854
7388
6460
6702
852
5634
7162
9595
8796
7036
5924
276
364
4932
6947
3332
9181
2258
7361
6600
2539
3685
4549
7174
4771
7363
1778
1525
9330
2634
1734
5118
1227
5623
4654
8813
4712
9400
923
3001
6498
9014
7050
9169
1868
8804
9621
3505
4995
8776
855
367
7538
509
586
2170
4335
85
8772
7436
6474
686
122
9153
705
2438
8206
2017
2875
8607
9081
7907
3821
7689
4350
5923
6794
3033
1759
6141
2151
63
756
4742
7547
7796
5751
4507
6465
7308
3598
8798
4105
9099
3979
8522
9782
9833
6754
2443
3806
8378
6554
3439
9500
9709
2810
9931
5133
5567
1367
29
2849
605
7036
2684
9658
3518
3432
9674
7292
3769
9013
4770
5175
7937
6448
8235
5190
3090
4657
1111
2458
7932
9980
4675
2601
940
7122
8176
7831
7552
983
301
991
808
3816
7116
3854
5412
4391
8537
1045
505
1830
5115
7404
8965
675
2680
9704
2926
5034
9890
5774
2997
125
171
1035
6937
5953
2696
6687
5368
4455
4779
186
8532
3129
925
4636
4398
8566
2555
7931
845
361
3336
2077
9272
4778
4113
2716
7843
6827
6223
759
6817
6910
4312
4790
8861
872
6138
4930
7009
5135
984
6110
5241
2366
211
4867
3841
5251
4407
5377
7107
9656
5232
2182
1226
8841
2083
3314
544
8144
6360
74
7035
7713
2213
606
6322
3535
3194
2271
922
5557
3719
1743
7115
2183
697
6687
3439
3978
9550
8281
7056
5247
9860
6404
1652
5565
576
5383
2562
712
7245
5792
5714
8711
9554
4575
9268
9367
9019
2060
6185
2768
7199
1837
7362
4251
3764
6438
6984
3336
9532
9918
405
3129
8541
1491
7756
5328
2794
4074
9599
5727
7173
9222
170
3275
463
6815
2815
9316
4548
2507
1677
5216
7765
7833
4454
9991
9931
7562
5953
1685
5394
1633
6694
699
435
9384
2956
8438
8295
9666
4745
5003
7644
4263
9108
6982
902
3779
5577
273
3193
2821
7030
433
4312
5540
7169
6923
7861
6041
6972
2874
7958
6288
7568
1010
537
2779
4618
62
4977
972
6899
5827
437
6556
2547
4580
7126
4747
1286
7994
4692
8988
7062
4649
5761
1657
9391
8702
7572
9610
6333
2983
9938
7498
1814
894
286
8973
51
9541
4183
2890
716
5437
1342
8809
9296
7723
9046
6460
9542
6959
4185
8283
7986
5454
3566
4821
3962
289
218
2672
9252
792
6006
2079
2970
2643
2674
8313
7157
7666
6388
7287
2431
494
5150
3282
5264
7684
2339
2582
2837
5358
2947
8505
4450
5630
5326
5636
6481
1571
8293
7063
367
9973
4457
7815
5904
6886
9133
8181
1795
4070
6778
5856
1008
6757
8135
216
7928
1134
1780
4303
6515
8396
4393
1109
4913
2853
3518
6784
6890
9218
3467
4003
8469
8253
5188
5034
9777
7755
9525
8975
6618
4255
1404
5798
4995
3518
6250
5023
7470
8540
2312
8555
6270
5084
9420
925
6259
4183
8540
8055
7151
8334
8393
5435
3855
7026
8607
9123
7972
6327
9716
5694
7355
6853
7107
3329
528
8733
75
2421
4267
7200
2441
3505
8107
5328
6156
7486
6468
6683
2464
7617
6646
3879
8667
1205
4256
5676
941
7611
1289
9185
5910
3106
5834
9755
6131
3965
969
3958
4864
8363
6712
6045
4196
4635
727
7925
9369
2264
7135
2798
8680
1561
3728
3210
5541
842
8468
3327
1737
9994
8942
2503
6324
4489
9213
6167
6078
5766
7420
4785
6375
1535
8612
6695
9316
2063
6147
5808
7252
5142
6350
9720
8641
6349
2394
7584
2521
6224
8548
5759
5437
7014
866
8337
9894
4294
5456
3938
1785
4631
4314
4997
9699
2883
6920
3664
2887
7154
1228
9124
4351
365
2178
2219
1453
8825
1166
5824
2172
1506
6988
9301
572
4476
521
4235
7371
5420
6714
4086
4242
4963
841
9923
8998
8844
2921
5997
8251
7872
1974
5476
8303
9322
594
3947
9052
4663
3398
2683
3080
2481
9517
3251
9168
639
3370
3039
1421
9546
1567
3654
7646
3074
7998
5133
1203
2659
1648
7803
6791
500
1540
2741
960
9444
1106
1072
8691
232
191
9987
8469
8589
9103
352
1598
242
6582
7
2173
565
2300
4500
4335
2617
9011
9534
1513
1771
698
362
8276
1836
4658
5354
8266
7409
2180
889
6210
3366
7424
5495
558
3688
6038
379
5681
7166
818
6720
1402
2200
9758
6001
4620
5656
715
3256
6160
2187
9503
9999
8681
8397
5098
6349
5856
6523
48
8524
1847
1566
1869
5438
5320
352
9302
1078
9978
998
1860
8866
3182
8486
1521
7436
65
6959
994
4512
8957
4876
8355
6148
9673
4641
1971
1689
3983
1369
7552
477
2094
3002
9003
2046
6741
5305
1652
6978
7509
3656
2629
912
8555
9646
1134
2928
718
1858
4901
6019
8264
5429
6620
1838
4312
152
833
7369
7039
7045
8442
6937
1220
5087
9226
7407
6927
466
967
1543
8387
8321
8761
6975
1047
3398
2933
2876
688
5244
1563
2583
4098
1119
51
4337
2503
8586
14
9567
8715
1042
6148
1898
4662
655
3792
6321
8150
9526
5610
8872
6481
1193
143
8073
719
3495
8439
9831
1225
545
9122
3418
5199
2461
3939
879
7917
9918
4351
1729
3399
1684
3775
5106
1647
4858
2194
2645
538
3248
9170
1385
7227
5000
1772
7227
7243
4040
515
4760
2462
6361
5168
6357
5947
3077
1614
5411
272
6240
4448
9844
5037
9470
8706
386
4546
9895
6654
6838
6284
2585
6144
3149
5924
8912
486
8639
7006
1530
1591
3482
4022
4840
5970
4209
8580
704
5277
4479
2696
224
467
746
1719
3930
2058
1065
2360
8686
7735
9977
8615
1569
3463
2632
7062
3138
8596
6747
7915
5247
577
2334
4560
8087
7074
7922
6972
783
3496
2541
330
5028
7452
3358
7611
6412
9688
69
5041
1824
8435
4659
3967
4671
4151
6761
8925
9344
9073
8240
9534
3870
6431
7289
9163
3538
9747
4127
3866
231
7236
1721
6416
9473
8040
2195
401
5436
332
3505
1653
2516
2997
5165
2824
1215
3670
9168
7124
768
6402
4160
3074
6836
9215
2609
6901
3481
869
2942
5296
5646
5616
2984
6223
9030
9716
1340
5889
8890
4697
4493
1111
4303
6045
7072
9616
606
4574
5651
7823
7878
6278
2021
6752
3416
2814
6377
4396
717
1434
3419
9103
9783
3899
501
1748
2782
1797
5223
3875
7194
8575
1053
2777
1814
7275
8659
563
8836
8671
2997
1824
5394
6681
3777
8748
1420
5919
4
9522
3681
8785
8481
6213
6661
10
2267
2594
1596
6185
3936
922
3981
9252
5512
8834
8486
2882
4020
5182
2016
4464
2805
4177
7852
5114
4927
3497
555
5002
5569
4202
6879
7114
2607
6800
1334
2846
6487
2876
7742
5069
7679
5524
3112
4218
1363
635
6220
7142
3140
3388
1225
8429
9721
1768
6381
5322
2853
4373
2910
4227
6698
7344
9068
5269
6588
2852
6610
7555
905
8715
4612
2231
4145
293
7204
6765
67
4498
8715
6875
8936
1075
2890
2257
8473
3990
8340
2199
4043
4123
4521
4588
1759
5216
4025
8270
1283
7387
9443
755
9277
9470
836
4050
4735
5345
1594
9133
2968
8052
9
9709
2970
6971
2731
8426
1368
9883
8945
1304
1071
43
8278
4585
4292
7008
1330
120
6687
9427
2723
7380
7355
2761
6149
4956
2826
2943
5080
7739
6899
7833
3447
8090
9443
9672
9707
2675
7231
1092
1817
9992
2489
4723
3981
2057
5673
6258
6651
6226
1753
5306
4935
6466
5024
8740
6293
5631
9396
3310
2083
2450
1316
2574
7986
5626
2758
203
3190
1705
9091
9947
6406
3264
2165
4029
8548
4580
7877
2666
979
2309
2095
2344
6262
3852
2112
6980
6907
3297
8501
3198
832
2752
4434
4583
4681
650
4247
2756
8105
4771
1814
139
5103
8067
857
7550
9810
8661
2409
4960
2527
8994
1169
7875
9050
2879
2177
5254
7215
7513
5937
6187
2879
9742
2037
9731
3351
396
7181
8267
3115
4356
2751
8525
7527
7426
6110
2586
9417
4864
9921
5262
1051
242
8956
4914
9947
7590
764
9739
7101
9562
977
4495
8432
380
9215
464
8801
8045
8725
6909
8585
5482
7620
6551
8477
4788
8731
7463
8829
3639
8929
3314
878
8260
4529
9129
4360
7759
6999
6703
5599
1750
5491
6580
4445
1103
1471
4390
9446
7087
2157
690
699
4163
3478
2239
225
7708
7799
487
1948
4011
3473
9785
8638
3394
730
1985
442
2602
8822
7555
1031
8574
9317
1561
7750
5026
1946
8121
8289
8941
3969
7283
2140
3902
9848
6818
476
8038
1129
4187
2441
5323
9554
9578
4233
959
621
1918
2752
6922
740
8284
1899
7510
15
2011
4763
6664
2886
8070
4780
9171
753
342
9185
4000
7269
1834
1084
2200
57
7753
3578
5865
8049
2759
6513
5129
3883
476
8868
7670
4186
9880
8106
3255
8208
4087
3899
8061
9551
8128
3600
7235
4468
5067
7615
1691
5292
9817
671
8435
8654
821
4335
9750
6441
7571
9954
2286
7249
6977
2356
2061
331
4019
3223
8864
3874
4407
5826
2477
5410
7766
6669
6950
8744
4037
2631
6067
2713
4511
4505
185
5204
7763
2893
6549
8586
646
4830
6521
622
8035
5292
7240
4653
3790
2656
2498
9858
4047
8290
692
7014
7032
6175
3902
6053
6044
3698
7893
3082
8971
9414
4140
9964
3988
4974
6977
9583
3954
4163
5835
3033
2821
1543
8946
709
1225
7103
2892
5453
6753
8223
8579
8406
2482
3140
9856
1631
7740
7458
9279
3853
5304
8102
8285
5751
3035
8470
4606
239
102
9550
6623
8856
7162
6885
6259
9688
3521
6329
3196
3464
9013
5130
1062
9194
2401
5260
6021
4890
8898
1681
8378
8797
2574
3461
9294
734
2059
5696
4573
5286
136
9979
1919
7450
3313
3996
5361
7084
9952
4986
5399
9817
4481
4710
4980
6089
4456
9767
8652
1030
4539
5096
9251
1948
9258
4453
2862
6519
1580
2442
4940
2352
2803
6927
714
2951
2823
7474
5238
8310
9506
9105
6349
2748
2739
5676
7384
4296
6745
3586
7421
3581
7891
6216
4326
6088
6263
8418
539
2778
4109
5519
713
443
141
2795
461
5841
4489
1310
1957
3815
5595
1535
5582
5850
6366
7984
9907
4157
9069
1155
5775
291
2563
8068
8914
2835
4263
628
500
5668
2996
7713
5085
3908
625
9828
3583
7418
4541
1716
7756
3227
5163
7540
6999
5608
7460
8880
4149
2342
2517
3055
4066
8794
7389
7042
3678
6315
3443
5968
1614
3872
8053
1002
1391
5199
99
2363
5062
36
6563
4364
6740
900
9293
3883
3197
1481
5374
2372
8624
7538
5683
3764
4502
6188
8015
9260
7778
4139
4826
9565
4202
5075
2542
3261
4088
9542
7678
7867
9525
9571
5932
6190
9342
7973
2308
2702
7385
8514
6566
6364
5442
7824
7484
4786
8653
2712
2807
7939
5364
7190
8536
2683
4803
768
6895
8814
6117
3738
6780
4390
1627
2988
5146
1435
7209
274
4922
9706
2629
1797
2179
4814
7661
5979
2237
6403
8482
7123
2588
7853
4587
499
8648
76
3098
6812
9233
8350
4460
9892
6079
9897
3423
2922
5418
9844
3399
9271
7561
7075
728
33
1064
4162
1071
8096
6966
1292
692
7352
3223
1700
3092
6308
618
2470
9414
6378
1409
5028
9730
1052
5317
306
8499
1853
9580
9920
9065
6681
5972
2151
6092
9839
7407
2189
3097
3203
1166
80
9558
8922
142
4672
2420
77
9325
2210
9419
6681
4342
6133
7823
9809
6553
7504
6482
3046
2540
6152
3541
3331
6198
1889
3417
1977
3160
4270
7964
3283
707
144
2467
3314
2937
4766
7722
8151
6760
4238
1069
5142
4223
7297
2001
4648
5577
2166
8261
244
8986
6116
51
6065
4465
669
5622
6866
6680
8050
5752
3129
4534
9764
9592
8558
2804
6316
2456
9369
7084
1806
9871
8956
2865
4159
8626
1472
6378
2154
1574
8518
7480
2131
3813
1003
6184
2764
402
9415
2083
184
3302
2860
5318
6410
2029
1055
5491
9201
9410
2018
6359
9851
2053
5545
3825
8709
3420
6354
2838
1124
3888
3200
6048
526
9615
1763
7613
2634
3286
1567
9948
4114
8571
4441
6977
1232
2377
4439
7817
4554
3848
8904
8571
5208
7331
4465
5882
2646
2848
4233
1938
6920
9266
5191
4745
7490
618
2854
279
3561
2121
2637
5481
826
3190
6147
8415
1602
8503
4368
1775
6421
4927
8485
2772
7000
5242
6473
9613
3720
3932
7617
3512
4841
378
9288
9320
4735
251
6356
5305
2831
966
5329
1170
9955
1119
425
6520
8358
6640
7556
4085
8985
8969
5775
9984
7136
4270
7012
280
4228
4047
2699
1805
3384
4600
9696
4456
4418
2509
9053
8588
6503
8756
6070
6032
4539
847
7299
5753
730
7506
1173
9839
4756
5001
3692
6680
1576
5050
7140
7518
3279
4814
9831
4845
2024
2385
3467
2090
4801
9810
4423
1886
2938
9899
9459
8481
9652
5161
6062
6896
3574
8332
8504
1738
7962
2199
2443
9269
3556
1296
9154
3860
2350
1314
97
1024
6260
1793
4512
6723
6512
6151
402
1540
7383
8631
4503
520
9735
9397
888
5245
9591
1506
7951
3410
9220
3768
5113
4518
6982
6018
4052
666
6402
4826
8704
4087
7000
9124
1024
9919
7331
4432
9328
8873
7178
1004
6167
8239
2279
8836
3841
4876
4009
8490
8375
9716
4925
3599
1275
202
5322
8878
6309
9531
6289
8270
6631
5043
2830
566
2696
5114
5559
7540
2549
8922
5202
8847
4177
9959
3346
5397
8642
2756
7747
4621
8920
5129
4700
5567
3329
4348
4695
3933
2555
6807
2412
8984
1490
2856
4438
8181
7695
9171
6531
2728
4488
3721
3242
2663
8510
2788
1591
635
2309
961
1510
3095
9564
7072
1499
473
6019
5994
7466
9476
1651
9534
3259
6294
1654
2469
4084
5703
2903
7785
3354
1206
2939
6536
9653
3826
6636
3786
676
9914
86
2639
9372
5817
4399
1345
4133
323
7053
354
4937
2935
3187
929
1603
4779
6062
5338
7560
1697
8348
9103
5999
6606
8165
7748
8664
9291
2230
2247
2983
7755
8478
5950
785
7804
4818
9887
232
9177
3290
2889
1431
4097
3287
8795
5989
18
6982
1534
4193
9846
3397
9067
5317
4227
5820
4079
1319
7477
5624
2645
5670
8926
4012
7892
9740
7993
3690
3865
971
3646
4721
477
7408
6245
4998
4001
981
9195
3089
3336
369
9558
221
8579
5128
4616
9914
9552
389
6743
218
2910
7411
9416
2598
5687
1618
4062
6967
9518
760
5117
591
9396
8375
4488
3020
6708
5078
9679
420
593
4478
864
9862
478
2275
2435
5122
3067
9647
5313
2349
6999
8536
2009
6942
1615
2787
4046
2061
5939
6021
5225
6153
5368
7988
2650
8388
9610
5513
2543
7740
7025
8558
5718
4660
6257
2900
9096
4558
5216
7592
8946
9269
8141
2044
3181
7409
8578
4091
3178
6053
6004
6260
6809
5296
5688
4277
9006
741
8291
6882
8956
887
8102
2717
695
8281
8316
9928
134
8182
5849
3543
5025
4105
9329
3525
8987
542
8468
5609
2843
8367
7835
3337
9023
1164
1973
9013
6212
4940
728
6833
9195
9016
8178
2360
2245
1618
5998
1555
2065
842
3067
6832
1445
246
9177
3911
6584
3824
5157
2746
3235
6238
206
6913
9137
688
1898
1569
8818
5254
7932
9776
1774
5342
2406
7610
9052
6665
7680
6739
5886
1943
9231
5725
9641
1311
605
9321
6212
8214
5980
835
3190
4811
4110
8668
225
7317
8059
3708
1822
666
5432
6341
179
5367
8894
428
6705
4214
423
9330
1445
9768
2362
1689
3776
9717
6832
4356
3562
4065
5680
5152
9118
3240
479
9817
4392
3244
8628
2904
3126
2134
4684
7874
6785
4492
980
6910
1993
5324
7019
9629
2427
869
2688
2045
9161
1759
925
2745
3025
6098
1942
1926
3091
8937
963
5803
1800
7703
9602
7652
1905
700
205
5825
5653
679
1056
9946
3322
834
8427
5188
1844
4039
1170
4904
5911
2119
2657
5093
5064
8981
7079
7646
2728
9494
7096
9605
8616
7569
2247
7773
4735
7311
2526
2021
9601
9372
5538
1480
5512
2550
9670
2011
1398
9829
8609
119
1218
1386
3860
8123
8986
2498
7295
9151
3179
1540
7915
4883
3118
6512
2553
6422
9652
802
654
7632
7182
9723
3854
2619
1138
3579
8199
6427
1756
7750
1007
9497
1702
205
5325
2783
127
6053
5368
968
4385
8268
1310
2015
4263
9334
365
9766
7215
8265
326
9447
5302
9875
578
1187
6866
306
1513
2423
6907
3292
7851
3382
5701
1951
7106
198
5458
9820
3862
2922
7963
6771
8715
4064
2015
5889
9409
8720
1295
7494
9293
6228
5162
2340
9284
1907
3884
7717
2216
650
8947
1480
9777
7103
6447
4536
508
9641
5518
7177
2
2024
2969
5196
3272
8742
4724
5081
4437
1504
2237
1174
5547
8418
385
5930
8622
9072
5623
7298
4876
4416
4986
1042
7376
8197
1794
7903
1850
4210
8381
2720
7138
4033
1302
4767
8718
2973
7647
858
3908
9422
2466
8082
2282
6757
3430
8002
8144
4289
8622
918
9020
2038
4832
7600
7794
4192
71
2461
9146
4686
6640
6990
6532
7078
2051
1951
6205
4498
7491
4765
7070
3159
9449
6735
2335
8338
9376
2238
3073
2688
510
5939
5673
1447
9321
1595
2770
1155
7333
2316
3092
6183
1002
6158
1992
6117
4834
6232
4574
5493
2921
5657
4457
871
461
1899
8596
8363
5187
7090
2106
8493
9736
3886
5585
2657
4266
6419
3419
696
8564
452
2771
3433
7446
7555
2862
6534
8269
8189
6142
1356
4243
7048
4233
4229
84
9161
2515
7941
7261
4318
4974
7375
2254
5137
2246
3961
4018
3284
940
3115
4424
8126
7277
2735
2750
1679
6262
1526
4831
6338
3896
314
4926
7728
5449
5039
7845
704
8495
8268
4943
7283
6571
6374
1247
818
2778
110
358
7127
7356
5545
9438
9952
8800
7619
2101
686
2893
9417
6932
7493
5432
1249
3185
3582
5817
4361
4944
768
7537
3274
6973
1241
8997
8606
2759
3501
4676
1178
9784
2999
5318
9910
8994
571
5251
738
9764
1244
5998
6649
7079
7691
5951
2500
5160
1739
3520
9206
2587
8622
8156
6219
9081
1910
1185
9622
9063
8841
9785
2850
808
7695
8978
2778
9325
1376
6351
9514
6014
9859
2699
4637
1689
628
2904
9804
5769
2685
7388
649
3317
623
923
6505
4297
8444
9721
5547
6834
1850
6734
2013
304
9789
5977
6870
8433
5203
9878
4284
6211
4919
4224
9869
5050
6964
892
4991
483
3358
1210
74
517
9577
7984
2186
4297
2647
403
6631
671
7921
452
7232
9830
4841
6444
1058
3381
1180
7681
2445
8776
9884
2896
4682
7344
2434
3211
5375
2116
74
7521
3678
4506
2012
2376
1693
9665
655
7647
6074
708
5072
6223
3593
5865
2178
2051
7023
4156
8565
7903
1181
2103
1865
8055
5075
1766
1791
8309
4204
9242
2472
5465
6212
1416
7282
2284
7720
5239
8532
5168
40
146
979
2209
1026
759
3864
6204
5804
1464
3799
816
9695
1686
848
8201
1501
4681
7429
2948
9683
7563
494
4207
666
9537
2832
2310
3503
2825
8845
6799
2353
2227
8359
3835
9764
4054
5068
6032
2245
4190
6312
8850
3575
6923
287
3232
5871
7330
9139
3460
1625
8348
8364
2336
5402
3816
196
9699
5452
2343
303
365
3381
4288
5181
1990
9847
1746
3038
7386
7777
320
7694
724
7487
1741
2239
4066
1541
934
6658
2421
2964
474
5655
9251
9454
6005
1683
7398
2812
5345
6431
7999
8064
7645
3310
5176
3885
9860
2686
9152
690
9935
3289
2905
5257
8244
5285
6446
297
760
3293
5636
1898
3929
4460
8007
3816
9874
6312
9733
8352
9029
8002
1032
378
9142
5124
7900
3073
1303
7289
8699
4255
7164
9724
6514
3693
9850
4020
9629
4087
9568
9348
8617
5401
4813
3616
1463
2428
915
7413
5894
6917
9660
6641
8472
4503
9602
1885
3036
2453
7539
5083
8660
4389
5297
6797
6151
412
2986
9948
3995
1170
2872
9182
4388
7071
238
8946
516
2646
6487
8681
2958
5673
6341
8236
3483
2259
800
9491
3069
5216
1609
750
1957
1627
2680
2251
9849
1815
4517
2773
536
7682
8936
6578
2930
2826
8221
5005
9689
7344
1703
1078
7200
7659
4749
6012
6685
8345
5688
338
2426
6162
1965
9144
4286
3705
9564
9507
2731
9097
4293
2832
8866
2347
4687
9520
9143
344
4438
9536
346
5363
2847
1968
7607
3337
9893
3987
2422
2666
8387
8813
9543
7862
3365
2006
1885
781
4313
5087
633
8338
3532
8479
9239
7865
531
5747
6658
1865
598
3623
5983
7964
9816
8372
7401
5967
168
4689
1617
6389
8155
9306
6881
2339
1513
2799
3308
5471
7859
7100
8066
8785
3436
2093
5276
7682
105
9566
4885
1906
2973
4551
4829
1213
2353
2547
7295
7205
9957
7791
9388
6703
2383
1158
7175
1035
3977
1006
9918
7358
688
1269
9128
396
2935
6672
5625
2054
5872
2276
3075
5775
7548
842
1095
8913
199
874
4922
2672
4678
7402
883
9974
3450
551
1345
5772
2291
6233
5648
1408
7481
1699
6913
231
3842
4452
5202
4350
8195
3089
9130
3986
5058
2196
5913
1050
9422
5358
9541
3689
7466
3074
4887
8320
6733
3332
2461
6969
4945
4439
5250
1384
341
88
7523
4102
6662
3708
2368
4243
8838
698
3585
6347
1197
2293
1809
1192
4074
3067
2858
4260
2707
1732
3130
2688
9746
2213
8308
1358
8205
966
3045
2616
4012
4405
1203
2017
2811
9393
4427
5946
6559
9689
5962
1277
45
6534
7448
1264
6662
4444
737
5022
2517
7627
603
1317
685
1776
5009
3204
7931
4625
9847
4738
3348
9966
9038
5353
5286
6471
6086
7879
9251
5187
8863
4041
6723
2058
7231
9600
2407
3673
5217
298
2065
810
1635
8804
7935
178
7238
8748
9524
7653
1517
7066
1002
737
6095
4870
362
34
8460
9503
3918
1933
6738
3399
9793
3065
7252
6389
2800
1114
5206
4845
9835
7265
535
4472
8350
5024
4909
8266
2677
419
3691
1036
8608
8964
2123
8208
4846
8062
9985
5576
1903
6529
9169
1603
6702
9343
1887
7600
849
7660
378
727
8535
5046
8771
3246
9645
8113
1292
553
1389
6465
1275
1155
923
8684
3188
8136
5833
3367
1712
9816
4463
2942
9595
4678
8015
8914
5565
5625
2467
9974
8993
850
6313
1617
1633
1796
4587
7077
5803
7734
990
4364
9040
4408
8386
4452
658
570
3813
701
7188
8641
2228
2325
7963
5549
4606
435
9582
9738
1911
7390
2111
7780
6307
2608
5058
5381
6115
8193
7435
3379
1419
165
477
6841
4475
4557
5010
1050
8754
7298
3704
6824
4409
2315
4191
4092
6270
1948
1377
5575
1152
5846
2626
9096
2178
9397
7551
9370
6695
5822
3841
3409
7881
9621
73
4978
5470
6693
644
5313
7674
9827
2002
6774
3872
2046
3395
530
2224
8585
9279
1341
4904
6653
9341
8951
7222
9244
3295
1399
7085
8924
7075
8851
9548
144
5102
3088
7356
9144
8953
8308
5956
2265
3537
4918
9219
9623
5486
8154
182
3789
8607
9546
4429
7466
1514
7632
5704
2250
1689
513
3296
7297
3237
3541
7085
5830
663
2487
5026
9752
1673
6263
3100
8097
3982
9855
409
7077
8562
2609
6375
3573
9182
3941
7714
8589
5799
5452
7353
9443
6058
3768
2362
376
2722
429
3160
9275
2901
4216
8678
3718
3406
5050
3865
6352
2880
6294
5692
9700
3536
1448
3703
2656
6664
308
782
6009
4215
5790
4550
6122
9281
1115
258
9963
9417
249
8190
716
6228
4559
8533
9251
7932
4793
1742
9131
8525
493
481
5021
9637
8473
7170
5145
3162
2590
2821
7229
2724
4443
5439
7706
8718
5889
5173
6256
4026
4406
9792
9537
5082
826
6711
7047
3636
9243
6211
2346
811
1081
1547
6596
6648
4679
3398
4484
70
4683
4412
2794
1160
3532
8034
8746
7103
9097
8890
6715
7030
8686
8030
1589
4495
6116
7753
1551
6192
3595
8205
5857
9046
5592
4348
8998
5810
1157
8226
312
7252
3756
5394
7968
6270
3620
4077
1761
4590
7531
5749
8044
943
1656
6320
7815
7558
6074
8203
2901
7545
1547
154
5081
4655
9382
9506
3010
6098
4257
7076
6366
2479
4338
6315
2525
6855
2086
4227
7123
5847
9845
4364
8110
8909
6204
654
7178
2537
8557
616
5780
3340
6976
710
7537
7298
9588
7260
4435
9273
6285
8431
6610
6494
1372
1027
3019
7007
5371
8097
868
3965
3017
8613
8635
495
1041
8804
9356
2900
543
6565
996
9331
7200
2682
5737
496
6044
3265
856
1719
73
9081
6232
4421
6753
3032
7484
6883
1325
1317
487
1753
8005
4993
9071
5021
106
1789
1721
4254
3069
8663
7527
4831
5217
6034
9274
6476
3427
2101
2042
2547
2523
9168
205
4977
615
5877
3993
9219
8992
9199
362
5446
9753
9655
7895
2594
7765
2526
3789
3934
2931
5327
3948
6411
3538
7109
4870
1889
4908
596
6415
258
824
1579
9664
3025
989
6142
7658
6888
6522
6310
7368
1422
9737
9193
6908
5807
5590
7541
5314
1846
5414
5307
2678
708
4383
1730
7917
3052
5949
2776
2762
9296
7948
4752
5198
274
8160
1620
2630
188
9269
2315
734
8611
1314
1344
4153
8854
8146
8601
3657
1675
8948
3728
9107
593
7484
6300
2209
6343
4458
6971
6983
8323
7075
5006
4953
2928
4247
679
1076
1753
1662
4443
3448
4328
1757
2536
9157
4501
2443
415
9731
5099
3674
428
9416
9919
4489
1393
4256
2595
498
5308
2423
4494
1366
126
5739
9545
5626
8182
1356
4389
7227
6931
241
7433
2836
8625
1900
2854
5754
8590
4190
8403
1280
6908
5891
7280
6042
5026
2946
7444
1892
6718
9755
6326
1746
8297
9287
8752
1549
9944
7926
4978
8730
1475
4788
3071
8008
1267
6517
2621
4649
6959
3165
5883
2935
2776
7574
6121
9822
8004
1791
9214
7910
4209
9165
54
5335
862
9462
5718
1798
6422
4790
2362
2419
9678
5810
8674
4920
5970
2662
7426
7171
1550
4842
8002
3322
7646
996
5380
8092
3599
3234
1845
5966
1661
9487
982
9097
4226
2074
9857
860
3116
657
6462
9638
2294
1439
682
9021
8380
8388
848
7925
9379
9735
8652
8758
6376
5256
8390
6385
7690
1934
8581
9879
6687
1459
3567
5666
2195
385
9502
8097
2560
9493
5695
7292
2575
7102
3464
3577
9267
9611
3982
4766
4489
9213
2296
220
5053
9092
4222
7309
5300
4673
2945
636
5803
632
8291
824
9532
8905
193
384
1396
8136
2902
3790
6771
5935
2596
9276
7908
5526
8907
5741
568
8680
1224
5165
4934
5883
4802
4940
8564
4156
9851
8634
8006
9241
7078
757
1526
6201
3096
15
7804
3515
8138
5444
2715
9391
4725
6937
85
7879
7326
6741
4781
1127
8144
4752
4014
8166
4224
3581
3548
6285
6367
5870
8034
1711
8294
9304
4794
5111
596
6343
9178
7577
2699
2428
636
3235
1072
1217
3965
4378
4869
2710
1194
6692
5263
2827
229
382
1072
2724
34
3744
2595
7419
4992
5803
4674
7380
6965
7157
2064
8690
5598
8192
2780
3415
3381
3542
4208
8962
1733
2418
2510
8583
5793
4028
3760
5924
7897
326
2464
529
6880
6340
5125
9431
8192
4031
1111
2015
7369
1576
6080
4338
4189
75
1267
218
5604
3585
8441
8195
3205
2463
1755
7608
7563
934
2070
9391
5335
1798
558
2553
7976
7651
4351
3397
1908
3094
6191
9146
2746
1095
6202
8824
1402
4330
7286
5361
2857
7420
1362
8222
6266
1802
8550
6891
2738
8371
3380
1245
9948
3083
3529
4969
3580
5091
4278
4991
7828
2377
9221
113
6968
7920
4909
7644
1531
7816
6170
5391
3550
3710
4335
5168
3564
265
2502
2621
1310
1564
5174
8774
2411
5371
5502
4676
4990
4964
5313
59
9121
9382
2756
8928
2402
4860
5911
3792
3964
4792
5313
8729
8845
1349
3327
4249
7862
8702
9221
5565
527
6884
8812
7240
2879
6866
7319
7106
5428
8987
1693
3306
6852
7823
6534
6573
3762
6866
9588
2645
6853
4322
4358
7039
403
945
3261
4481
8118
5076
6911
5615
3768
9686
1114
2164
6092
7021
3275
2895
1394
6683
2705
2302
2082
971
2863
6128
936
6012
4913
2489
2829
5811
1141
4167
5399
7825
9196
7172
8214
6233
8689
6443
152
7232
5021
1067
3892
3453
8205
5447
3389
2363
1879
7104
3393
8385
5963
5458
9132
1161
6682
4052
292
3144
6549
3893
9875
8058
9535
6114
9709
7912
871
2740
3993
8063
6623
4910
4052
4007
4479
4319
2373
9711
7111
1100
10
3264
1647
7079
6654
8013
9713
2627
2303
2357
2591
5341
8770
8947
6061
303
3957
4779
1948
2532
3871
7388
9406
3941
6401
6784
1809
1495
763
4772
3031
6862
8603
3674
1443
5198
2731
7209
7053
5655
6450
1730
7205
8442
461
6766
167
3508
4770
4137
8758
952
2141
6894
9391
3156
6839
3273
7099
9335
5600
5913
7878
7934
2820
3124
5184
8180
8919
4250
2975
9730
6562
8245
792
5060
1359
6082
8081
3841
5092
3546
9503
9229
8479
2985
8844
5774
2275
3145
6457
1754
827
2122
5106
5826
2281
9156
3473
4873
2579
2151
9908
6044
2550
308
5101
2503
999
4592
5716
7451
5760
8177
241
6744
5745
4870
660
5641
7293
2966
8526
7907
6653
2671
3463
6038
7218
4527
9135
9140
5890
7665
663
3332
8603
6437
2254
8041
5992
7820
4088
2107
2668
8809
4209
5028
8553
5075
4245
6156
3947
7965
8141
1795
4072
4157
6121
1901
6471
2773
2955
5081
5916
8000
2724
8011
1948
6961
7434
3692
5582
8967
6947
7776
4703
3405
2403
1897
2508
2845
3708
9074
6878
2690
136
513
5502
4398
7503
7287
7813
3068
5706
8426
7304
3647
6158
6958
8268
4095
2943
2906
2163
3118
7341
1328
1211
9840
2388
705
9706
886
8705
7225
4559
9799
4598
5377
9608
5684
9428
9484
7497
4834
2547
300
2220
1189
8964
4777
3344
9545
8885
3322
3161
4776
7049
3065
6093
2580
5124
2020
8019
9799
7125
3534
8071
2935
246
1550
8513
7703
4878
3231
3674
6644
424
3576
590
4788
6507
621
4867
2520
9052
2512
6819
9837
9878
7186
7134
6517
7066
9392
8030
2859
7950
1321
2137
903
3620
9938
6398
9099
2516
8890
5302
488
7746
3356
9940
490
1866
7908
8097
1722
7805
2525
3348
7523
8183
1347
9392
8220
6834
5564
6565
5008
3805
9247
1299
923
1337
4073
9325
3976
8813
6543
3647
3802
6430
3502
9551
7468
2793
3887
4142
2449
9672
482
5442
7256
9165
9087
2926
3125
7567
3542
2675
1128
4230
9680
473
2194
306
3363
1748
743
8263
3971
6642
2720
6508
5059
3823
8240
1419
6925
9672
9177
674
2925
4029
4496
2163
1147
7540
3158
8852
5634
3455
4887
7820
486
6921
5360
1100
1496
7895
6908
5987
5537
3411
4933
8743
7298
3282
6976
7351
1070
4073
9786
5525
4195
4116
8279
7359
3139
6122
2796
213
9832
6280
4486
886
5975
4355
1345
2509
876
358
2031
5152
4750
6664
6372
9052
8032
2955
5380
9546
7035
7013
6302
3644
9438
2768
90
385
841
9158
1893
4897
3367
2905
5869
9695
6995
770
6303
3858
9505
8408
5701
1056
1949
65
2303
9344
7334
86
7098
3772
7278
8605
2623
3422
8430
9431
5384
3089
5203
7870
1420
2838
1546
5094
9390
9933
2716
9701
9840
4143
9338
8654
3583
8355
9063
1255
8394
189
3814
176
3423
8898
6872
5069
7511
6669
976
2765
3679
3461
5954
8161
7918
1407
674
9887
8850
2782
9942
9664
7229
5772
2665
2018
6463
7328
8109
1140
6670
788
3995
5849
4714
3065
240
1372
3257
6054
5191
8046
6267
8507
1824
8005
7446
732
7195
2492
7837
5363
7979
9211
9132
2738
4115
2919
9769
7991
3713
3813
3277
8038
1188
4220
1730
1917
7382
6936
1413
3303
5331
2936
8409
2196
8752
6185
7046
5512
1858
946
1487
983
9234
8947
8250
9273
9860
2008
9241
5965
6904
9669
665
2575
9278
4357
4093
6707
8315
9112
6046
5177
5674
2369
6073
9478
1926
6890
3837
90
5035
3750
5937
4335
3221
1073
8480
7031
8970
6133
9222
816
9260
4839
9640
1523
1168
2032
2148
1497
4362
2555
2932
8428
530
8407
3607
9908
4549
372
124
2987
7444
1227
6874
9939
594
4229
2434
215
6438
1489
8343
6509
9034
1629
3053
8778
7016
4881
3160
3849
4053
5277
9135
7631
84
9320
6285
6792
1317
6100
2888
1609
3159
8071
9565
809
7172
3015
1790
1831
3579
8981
7503
1860
9382
4088
994
6737
2952
377
2825
212
2519
5573
1428
5018
5689
6298
1415
231
684
202
9408
1902
4513
6397
6065
8660
4685
4079
4621
4083
9685
3022
2986
7639
793
9531
9574
9159
3724
5262
8193
1537
1307
2563
1257
5076
6545
4679
1594
4056
181
8060
2519
8099
405
7975
6112
6232
9347
3001
632
638
5193
532
7441
8759
7942
5772
1799
7215
6245
1328
3511
7880
651
504
4536
6980
8166
1563
9725
7480
867
4315
7712
351
5935
598
5792
3304
6538
9043
9626
2703
3997
6505
8322
8318
8958
6219
2555
1864
5573
1886
6994
6587
4348
97
4247
3921
8132
9884
1906
3238
448
4837
463
7374
9129
5053
9343
716
6303
7993
1939
4932
5813
112
8379
1380
1164
5994
7688
2356
7619
4989
9202
3873
6157
7783
5286
3189
6451
7055
4766
9785
542
1407
5121
8589
3322
2441
6927
4580
4497
6894
6129
9899
9728
9547
6560
9297
6800
2662
2133
8338
47
4085
6278
6556
4811
5878
1753
7407
932
1853
9351
607
1427
5286
9081
3893
830
4236
5769
5058
81
3442
7160
1339
9384
7046
3121
5790
8499
4634
1221
3970
8826
3514
1595
8710
1875
6057
9830
4684
6425
6250
2451
7801
8894
996
9313
6649
4760
4433
661
5610
2619
9227
9060
2089
9372
2508
5442
1150
2741
3271
9203
5770
6828
2558
1538
3788
8315
3555
7511
9386
361
6932
6803
7541
1330
5443
9323
7404
8711
8509
6964
6338
6668
560
3246
3222
6321
6384
9440
5069
5026
9116
8221
7869
5508
9336
5921
4209
5288
6330
2196
2108
6931
5690
2058
4949
413
9694
669
9449
2886
9099
5725
4402
9613
1483
409
6600
9486
8579
2361
9329
7082
2026
7286
6535
7188
4769
3148
1828
7059
8379
1312
6252
5623
9263
4337
384
7940
4453
1222
2255
6956
5613
6072
9943
4346
5260
1466
2476
5271
7267
5490
1885
3053
6428
1918
9394
963
2302
307
4007
3724
6947
1843
2452
1233
1990
8717
9933
9754
3482
4895
6052
3545
803
8240
9176
2738
4374
2413
8225
4933
2130
9190
9788
8068
6847
589
4723
1633
8581
3097
3289
9000
6700
4636
5182
2479
4520
2450
6836
9969
6358
4498
433
455
6541
3853
4571
1871
5082
895
1406
2699
5485
4457
6616
1529
505
6825
5374
9270
2073
6500
2211
2689
9254
134
3793
7860
5863
9762
9103
720
4234
361
6898
7207
4253
2890
7719
7918
4572
2712
250
7534
7709
7964
5757
1791
3992
6107
4094
4710
9664
9193
2357
9291
4104
6173
6547
8905
7536
670
5339
9497
2951
8241
5880
534
4871
3214
5600
5076
8038
8657
6222
6732
6490
2207
4686
5680
3093
1624
6936
9752
1917
9473
3715
5293
1839
634
7851
7531
3978
856
8112
5415
618
2925
8233
4010
8273
4746
8598
2777
8817
6101
2823
5459
8059
1390
7582
6497
73
9503
9086
4630
934
9230
5603
7074
5219
3484
3649
25
3589
3791
8425
1911
1035
8648
3454
367
182
6865
510
9565
1075
4118
3331
8779
9522
7319
1970
8359
7125
8635
3929
9911
7695
760
1918
7453
9698
3644
3132
6183
3644
5262
773
2912
9662
9205
2427
7973
8826
125
5304
6444
6885
9083
2759
6373
5729
543
9676
845
2596
4624
363
6860
6415
9992
9030
1230
4352
4065
9182
7285
9773
7630
7269
6964
6438
9084
3537
1182
526
9740
2704
2544
4816
4492
3315
7391
3226
4646
2112
2929
1962
2582
3174
9476
5685
4473
3775
5444
723
4058
563
4539
8544
6220
6273
7453
3736
7290
9074
2628
4954
61
3345
1865
7482
2986
7545
5786
1739
3241
8438
4951
1499
103
3842
9743
9005
1896
7821
5365
4548
9373
9571
44
1957
7634
6010
110
6738
8644
6460
6491
3141
4014
4265
6985
7409
1651
4995
4953
1827
6539
2321
457
10
4686
9364
7588
750
7298
5653
1483
6602
186
252
9849
8650
7560
7182
6936
8123
4508
7630
5292
4409
855
3142
7839
1967
2780
1609
8599
6943
8009
5618
130
9422
1888
1435
1259
3446
6760
8517
2291
2516
9157
4552
6573
8882
6560
125
5084
2576
4754
8942
115
6885
1288
7890
2515
4988
801
9741
58
9623
326
7387
2254
9106
9320
1482
7984
5468
4765
7968
8913
3866
5569
3351
4547
3774
8909
9931
6813
6106
5637
5960
4489
9770
5308
3374
4677
3094
4286
8498
3417
1754
937
6630
7473
2464
5160
1751
7784
2365
9616
197
1325
8211
2507
2008
2317
7356
6965
4996
7442
1060
5509
7227
5041
4371
8189
1231
7203
8564
9598
2795
8330
234
2285
3598
6186
324
5394
9164
6690
9264
2091
4480
8097
1062
5180
9527
754
6383
3721
4472
2109
518
814
2165
6858
8385
7596
8261
1329
728
1862
1307
9167
6145
2026
7489
404
8387
573
7189
6399
7026
1273
3621
113
3283
7303
4091
4207
2586
6188
1416
2133
2226
7294
1225
7426
3870
6818
3324
671
589
2396
4483
8127
5564
3602
1661
6739
4634
5038
2375
3479
4377
9091
2125
1852
7646
8209
4389
2523
1471
7339
5267
5100
8425
3736
4281
112
1007
642
6784
5684
5024
5056
706
9786
9399
2281
5397
965
8815
6822
1561
9147
1072
5027
2402
2144
6405
5653
2766
1278
8395
9406
6412
7749
3215
3023
6385
3971
3298
208
453
9834
3575
9804
3497
3033
8706
9420
8640
9030
2256
919
9086
2665
9779
2611
6264
1801
7612
9350
4901
2352
7325
1832
1081
5298
1150
5114
7025
4848
6155
3413
5314
4735
3336
9394
8724
9888
9691
6342
5018
3427
434
2548
3456
4735
9840
2845
5179
8459
5321
500
5660
4704
8693
1180
1063
9031
102
1677
1616
6714
4215
7405
6188
4170
6393
3630
9459
4575
7197
2833
3349
3533
4253
3878
7948
6885
2718
1276
6419
6570
5901
3578
2413
9092
8696
8578
603
2180
7473
9936
7113
333
2922
1883
6273
5151
389
7637
7778
4760
9324
4079
9791
7624
9100
4204
8686
2997
1439
2150
6607
2794
3269
1007
4690
263
5622
4846
7315
452
5608
3870
4345
2572
306
2068
4102
1799
8147
451
7407
3632
1854
7712
8796
121
94
2529
1371
8365
4147
808
9096
7345
3498
6554
7181
611
899
7197
8428
2048
2271
9360
1618
5170
442
7384
643
5480
3379
8466
4394
5768
2551
313
726
3417
5324
8365
6915
988
4887
3780
7301
7436
5673
5511
7097
6898
2301
1299
7930
4314
5076
7827
8640
644
4678
4678
6289
3736
9549
743
8998
6470
9674
99
7318
3615
2390
6933
7936
8690
9308
8778
4361
3514
1379
7629
1909
5305
9267
7291
7490
4942
4255
7688
6694
6208
2996
3236
6973
5988
4776
5146
1305
1692
1222
5574
6969
1866
7814
6586
2249
371
4927
565
3732
4372
5905
5464
8082
9745
7559
8268
9151
1443
4256
2031
8967
6964
1727
1642
2766
6678
40
6953
1150
5620
1224
9669
5135
8249
5920
1461
3813
142
2222
2265
1223
6061
8415
5370
2321
9822
6224
8363
7007
9621
5073
558
1325
1739
8707
6241
9982
1098
6484
3793
9480
203
6989
4017
4228
3546
1215
9630
776
4391
1733
1629
41
870
3883
145
165
5450
2691
8076
8252
3303
4292
2830
9540
8053
105
2237
2594
8157
2076
9534
5174
206
9731
1026
4588
508
9910
456
2589
1948
6099
6976
3999
9195
8359
3950
888
6323
1518
9593
900
7083
4489
5728
2714
9683
9746
8895
2008
1588
3833
4726
2588
7205
1229
3596
173
7508
605
3065
3943
3891
3224
9633
5801
690
9220
6120
4913
8066
1742
9429
4441
354
4076
9272
5345
7317
6824
6463
130
7922
4671
8904
7095
1652
238
1271
3067
4532
2104
8416
1003
6737
1551
2531
3207
6806
6638
5548
6202
7730
7630
875
1333
4176
666
4601
7738
7868
8343
2157
9659
5666
6579
5541
5795
7731
6559
1088
3071
5837
6623
7001
6042
5543
9111
4819
4687
3220
5070
2813
2144
8086
6279
9044
2412
6684
2017
4394
9282
8455
1617
3138
3553
5736
53
8383
197
129
687
9567
3307
9677
5297
5943
571
9697
3071
4658
9555
8767
9785
2209
5514
2121
6113
9907
7402
516
990
3584
2672
9720
3445
1343
4069
7566
3191
9993
5634
1179
3333
4526
1425
1567
2502
1359
5723
909
9318
9563
6815
6558
3613
4968
3444
4772
1070
4370
4375
235
5450
3370
9375
5082
1063
7893
1246
353
7152
1990
5059
5410
8318
5968
8059
7341
3502
2274
3864
1947
8665
1795
8145
4391
1571
4216
1954
3456
7894
6953
2954
3772
5686
6038
4442
7207
2621
2786
944
9611
5809
9358
7240
1752
1332
4681
7458
7483
9159
4842
1796
9524
4901
9421
5856
8735
5320
2959
6914
5483
7205
1142
5181
8321
7002
7828
444
1247
2417
6486
4377
4920
9358
1434
9768
6705
9668
1661
7507
5928
5778
4371
5810
6470
5933
7476
2302
141
60
4298
1046
140
1596
9714
8000
5011
8922
1136
2689
8248
7309
9383
3103
5559
5491
2137
313
8228
1883
5723
7004
197
8924
6378
7285
1388
609
916
4329
2350
2911
8862
9762
6426
8403
4215
8710
363
1250
9417
7434
8387
2500
3667
9680
5049
3495
9661
1666
7036
9005
6621
5891
5276
4956
4807
2572
9875
7591
3304
594
3705
2154
7618
6693
6581
5484
7883
4372
7105
8470
4744
8916
9740
2295
7142
2971
2625
241
4028
3766
9493
9757
4658
4505
3175
67
3409
456
7938
935
9048
6412
3567
4437
4085
4718
48
8236
741
307
1252
7886
5248
7057
4409
9938
5189
9024
2489
9768
8933
4277
3121
4031
2004
2045
2360
4320
5695
7203
2443
4374
500
6436
8551
1384
2187
7946
5149
3311
4380
5789
8138
1576
2109
9271
5039
1304
7941
8279
570
5861
8959
8147
9338
6935
1657
1096
6190
5710
9795
7018
167
8943
1846
6681
8821
2438
7108
5278
365
817
8988
4186
9630
789
4272
1185
8717
3301
7408
1213
8461
5671
2474
2102
3315
2715
9398
2368
8621
2826
7168
1538
5563
1970
621
6247
5325
3805
5150
2925
9179
8938
9961
4031
2208
3139
4455
8471
9548
1154
6703
680
5624
6396
8619
2730
9358
1970
3423
830
5416
5571
4296
6979
1664
4249
8145
1136
4835
9593
2098
3270
137
3104
852
8173
6878
8052
271
6930
9132
3888
9771
5362
35
892
7116
1534
1831
8246
8885
4538
3096
4427
9669
7889
3915
2113
3375
1811
2207
3752
4218
3747
2350
1233
238
6947
3815
819
658
8516
8372
3096
9142
7370
5790
490
8064
9105
7113
1384
7267
367
9256
5229
5132
6329
4090
6381
7927
3673
9415
3265
535
9873
6107
4553
2729
5923
6267
3587
8602
9824
3476
9856
454
8330
3170
9263
8492
8868
5297
2242
7071
724
6885
7456
6886
2166
5719
7774
4133
4561
31
7644
3339
2758
2619
6841
4647
8749
3667
7021
9153
509
2111
5240
8045
7162
7424
9624
5335
1356
506
7967
234
6138
298
3885
8873
7937
7970
1964
3791
7141
7256
3626
953
2067
5567
7998
7442
953
9627
8831
7318
1153
4564
6314
2729
993
9264
1693
183
2343
3795
9490
4378
6151
3924
5004
4924
6922
5632
8877
8382
379
6657
2653
2214
1715
6082
2699
2330
2909
5913
692
2729
3421
2708
6171
1864
2060
7981
505
4359
5504
8634
389
1308
358
8590
8592
7298
7442
3696
939
982
294
6213
9417
4685
4623
6146
5391
6634
2393
3283
4451
6779
1454
3204
9119
7549
597
4767
863
7267
873
2295
2792
9871
5629
4141
6395
4132
1314
6462
7667
6738
4103
759
5554
1172
9261
5645
9356
9801
2100
3684
241
2346
4132
7554
8746
105
7526
440
4039
4036
3696
7935
5673
3049
363
3041
1510
7288
4988
8095
7401
8035
9975
3498
1100
7168
5283
5375
8113
3575
4456
3035
201
3985
1734
9516
7397
7498
7798
2647
9552
8151
2793
97
9305
7886
4174
8451
5573
9547
2121
6357
4621
7464
5028
7109
1798
4552
5619
8573
9372
5104
9499
8887
3700
2401
8027
3870
5771
1380
7196
7922
5454
6850
6122
1109
6105
9200
4447
4345
5244
3473
8459
3753
5634
5135
2908
3191
2459
2093
4379
3143
6111
3547
147
9644
5774
4007
5712
1126
7886
6154
7426
9556
6498
168
6892
6050
6382
9399
4409
2392
6938
9975
4209
6788
9744
1965
2600
3242
2006
1349
261
9288
1347
5793
1543
4511
4380
4172
7172
7936
2240
4053
7164
9097
7722
2652
4216
5227
2153
6604
3946
8489
2886
6308
3899
6980
7191
9136
7129
6302
2435
4865
1677
3544
8296
7323
5486
5230
5377
8539
3423
7812
9415
25
808
1544
9998
1130
9487
157
1171
5883
5053
1268
4165
2640
5129
4438
6635
8819
7129
1680
4927
3406
9615
6623
8247
5283
7084
4926
7848
7169
9829
7022
9077
8073
102
780
1805
4167
1485
6453
1768
2051
6657
5352
4650
8889
6846
3182
4026
3354
5663
8828
1830
4214
3194
4132
4339
2269
5513
2506
1609
7675
7055
257
810
1703
9514
7531
1607
782
4932
1164
3910
3504
1980
9238
2439
2374
9985
6849
1658
1454
3620
5682
1290
6980
671
6266
3737
7855
6189
8165
4874
3004
8725
1446
9118
8825
8073
2209
4541
5493
5946
7139
736
822
9983
436
2869
7723
1635
9530
377
8069
7366
9931
5682
5010
449
8865
2237
5518
1107
2352
3984
3609
6317
8041
5978
5861
3435
9036
9178
9066
3569
7407
9072
6429
8120
8667
9012
8626
5692
4585
298
602
2342
8521
5443
5309
9171
9918
6731
1686
6742
6003
1810
1898
2763
2058
1623
178
7207
6706
4742
4379
2392
3658
8424
6025
7266
7150
8044
3979
2380
2625
2353
9543
2687
6081
1340
3384
5822
7797
8121
9498
1203
7849
5880
1073
2768
6431
1299
6256
3056
4617
7564
4487
5653
8574
2969
1175
3483
4907
3798
99
8426
5791
5439
46
5565
3221
9211
5616
8035
1597
3795
6766
308
2852
4850
610
1889
8985
3590
4366
1040
5713
8691
9561
4225
7163
4425
8462
6877
7291
5137
7148
1892
1162
9603
1595
1590
8918
3386
4366
9679
7842
669
2159
1359
5655
9499
1313
1950
5448
8759
5221
6870
5690
767
7738
8092
8715
3614
7744
2224
9707
3064
7088
7490
9297
9705
4409
4371
5392
3421
41
2555
6045
6063
9623
2367
2340
1018
3210
6705
3376
2293
1927
8198
9172
8984
8436
5790
3260
2837
743
8333
6615
8773
8831
3316
3581
8069
5763
7477
37
2618
1190
3901
8111
8339
2736
9411
607
2103
2336
9047
2339
8519
4128
5237
7501
4735
6967
755
3976
681
4748
1155
6787
23
2683
8055
2869
3688
1860
1957
5373
5008
4580
4550
4342
1776
9229
5853
4664
4652
7603
779
3375
180
7113
4015
637
1819
8943
3218
7612
2304
1623
6229
5428
8456
685
8757
3358
415
8979
6083
7370
4048
8209
7946
4689
4785
128
1786
5134
4742
7738
1273
9117
8744
8679
6038
6661
4428
1584
743
2925
8290
2569
4338
2164
8245
595
1395
194
1807
2935
70
1279
4724
6990
4230
9996
9875
1703
9883
6964
110
2502
4638
3360
1349
4359
3875
2633
6280
4942
8587
8792
4550
4001
8101
5128
2848
8858
7881
4995
7423
9525
9822
9531
1499
4949
4083
8197
7172
9075
1657
3602
3101
4630
1888
7268
7965
724
2496
1691
7302
8060
462
7586
53
8393
9651
2627
8034
9366
1659
860
8977
8226
2531
5740
9134
8454
1155
1932
2341
1225
7748
9972
6649
1010
3543
9355
9087
7189
4519
5778
4099
9756
1455
9061
9778
4251
2653
5648
4509
1005
8493
5956
950
6281
540
6756
1815
2081
7049
521
7125
2804
150
9121
5419
1423
8723
2370
6972
8042
2164
6467
6683
6232
6441
8579
9802
4871
8028
2449
6733
8756
7363
360
2998
3633
5323
9023
1330
3834
245
6062
3410
7357
234
3566
6393
2277
9255
5358
6182
8208
7326
7681
5825
8477
3226
9724
9564
136
7996
7992
5266
9797
4805
1646
9295
4975
5022
1342
4925
251
2786
4168
3589
3918
9774
6044
5683
8319
439
1320
4
2170
5093
1693
5533
6832
584
9938
3903
4235
2963
4800
9625
8995
4584
3699
2154
8278
9252
6732
1388
4814
7091
6034
7362
9892
4328
3316
5188
3122
6759
1728
4781
9191
2013
8739
8349
7684
8472
7192
9474
123
6867
8617
7603
1699
5638
3210
6186
669
4970
5906
1979
5250
5387
4860
8147
7089
4923
9107
1387
1399
3317
2426
2734
8103
2954
5167
401
9794
892
2840
7130
5326
5236
5920
7209
6276
27
8270
4272
2043
830
7182
3824
6684
83
14
4364
474
1022
6540
3649
8612
3019
3320
6376
6567
4601
8682
2685
400
4780
8325
7237
2894
1757
1337
7765
5086
4809
106
1538
5782
8951
2771
5240
5272
8684
2671
435
5098
3188
410
1405
2160
2583
6294
6811
324
1593
8693
4002
6717
960
8108
8919
4969
6044
9535
3815
9321
9980
8397
554
794
9451
4882
5995
5258
8592
4144
3647
3792
9395
7571
7043
5159
6698
9505
7471
4125
5468
626
5046
8919
9594
1557
2045
2370
1071
2159
808
7569
8569
4907
9214
570
1309
5526
784
5842
2665
499
7137
368
2334
8320
8231
1404
8653
5543
5888
1344
9812
8603
7212
9397
3339
7565
1018
3166
280
1563
4564
239
2250
8024
633
2835
5837
1133
880
4875
8753
340
479
3299
3944
285
6289
2922
7694
9621
2772
3635
6103
3695
1669
8502
3894
1418
9846
9132
9847
687
6453
2242
58
9925
299
5726
6281
2911
7197
1384
561
2091
6239
7569
2665
3717
2338
7286
346
7745
6205
613
5902
5596
7909
4867
760
3954
894
9521
802
2471
5406
9155
4915
1633
620
6393
8565
4463
9704
5566
8583
5910
6865
3749
9427
1512
7528
9789
5714
3687
7179
607
6245
8868
3272
2319
8063
1324
4277
3459
2823
1271
5969
6073
9192
388
1856
5284
9621
7992
3141
8977
7362
7524
7717
4498
4755
1103
6189
1078
9541
6736
5854
6447
3869
6654
4292
4197
3026
6959
7775
2076
7842
851
1281
9969
5674
6908
2675
6951
6820
3521
8031
1679
4801
103
8552
3416
86
2333
3832
3839
489
3496
385
8454
9826
5609
7294
7923
689
5704
1270
7344
554
3242
4863
6698
2668
2568
4859
4141
5649
3964
7461
6710
274
8286
697
8280
1143
5764
5244
9658
5624
8733
7131
9538
6880
9980
6729
6982
1158
345
6722
787
8739
1450
7450
12
1902
5086
1698
590
2949
5603
9405
3363
7912
3664
4907
8621
7754
5052
9800
6978
178
6664
9885
5644
8594
3611
9711
3502
1315
4972
7047
4309
1143
6376
8055
8380
2024
9313
2054
3713
9855
1758
4266
8750
534
2045
1457
1951
2685
5889
9389
6626
1429
3195
5759
2421
7614
2764
3611
1039
5373
4112
8791
5377
2231
1393
3730
6662
2334
4120
125
4431
7715
6764
8050
2442
44
9307
6519
9502
2189
8936
2719
6544
9901
5436
7454
7986
8191
7965
9388
8650
1918
9039
1381
2361
6675
1743
6270
2376
3777
5210
8441
7449
4660
9740
1418
4155
6763
196
5998
6354
46
4576
7520
5010
1563
7324
3367
7087
6976
6986
8643
8283
4260
6888
875
6860
9049
1461
1998
3591
2567
7636
5282
9471
7569
1101
677
8149
7419
5460
6996
1787
9119
2513
5996
363
6432
5366
7282
9278
3853
6621
8790
477
105
6544
3508
1013
3459
3222
1359
2829
9374
8456
8519
4842
7152
8364
8542
8066
160
7537
8260
7097
7331
5108
1681
4221
3534
7973
3146
7762
1718
3877
5583
5498
9012
5063
8891
6220
9587
6995
5929
6474
6868
4483
8715
8657
3222
4392
1288
8371
203
2384
7274
5921
5164
9665
8195
4691
9253
4205
4140
6039
9721
4133
6901
1925
4150
4183
9707
1821
7618
4014
9591
4907
3917
5266
7832
1893
5388
2826
8960
3093
4333
5664
20
9241
1530
5271
4228
379
2898
4247
4666
8356
7936
9086
958
7374
5825
6818
419
2445
8638
1723
7805
2900
7793
9150
1323
4010
8289
145
1974
9342
5504
1970
2642
7520
2752
4411
9126
5320
8007
6595
1555
8758
4277
2739
7406
8957
6914
5179
4562
8661
7739
8728
1945
7034
6987
1140
897
8892
7391
6314
125
8445
3621
7459
3893
9452
3183
5362
4998
4484
5094
6804
3261
7157
919
5826
6429
7119
9127
4094
725
5925
7468
6205
9965
8921
3881
3418
1482
9922
5106
4336
6092
4398
2531
4127
9822
9673
3925
5092
7930
5416
4170
9731
1316
3962
2036
7412
7581
1162
8437
4888
6989
4585
6439
9187
3502
8475
210
9035
7722
726
4742
3871
7022
1172
2360
8655
2305
6270
7463
9676
1781
9489
5836
4867
185
8346
4173
7727
2557
6693
4501
4977
8991
7616
7797
4315
3030
8754
1903
3364
4277
9468
267
8
1209
1119
4531
4022
4109
4196
3280
3563
799
8724
3696
3959
889
3066
6980
7188
4000
2373
1756
524
315
6969
4380
8315
1929
5373
2044
758
8348
9504
92
9049
4939
5647
8364
1124
1107
1487
4281
9661
3695
6884
954
2113
8234
2867
9719
736
3771
1424
7294
6309
4844
2198
2284
8002
9151
3465
1358
4800
9803
9712
8797
4794
8672
4255
2613
8969
5943
9396
6816
588
6579
3174
5481
4854
8617
1740
5589
4359
8592
6653
9345
2280
9811
9183
1818
138
5173
4893
6957
7060
6147
9115
913
1812
32
4527
1937
9599
620
8562
7190
1550
1606
9169
6004
2442
8319
5673
5465
8553
6591
9064
4321
8316
6586
225
1211
2930
9147
6790
751
7191
4981
3303
3491
568
7943
8263
9334
8840
1103
3615
9298
4266
3446
4368
4103
7769
3190
4864
9607
7046
7525
4008
8055
2099
3480
1620
7196
1667
1700
3806
4335
6423
8712
3326
2932
3918
2694
3284
7747
316
7843
5128
1371
9118
9898
3277
7702
5421
4973
4764
1619
3405
7170
2610
8807
8816
7715
8133
1078
5345
38
9153
9419
6041
8599
7136
8401
9306
1709
6735
7636
9399
3897
5698
1448
1254
8168
7646
7140
6307
3789
7383
3710
1876
2926
5584
4673
1093
6338
7103
7652
748
3713
7079
5872
586
8527
6955
5182
6850
6495
7569
2585
1172
4694
2286
3271
147
5587
8141
4794
3386
4890
6152
2627
6653
4314
2020
8364
7638
7151
97
3869
8762
7146
5535
1682
1686
2203
9602
7843
3486
9040
4690
6964
4215
6843
5846
2271
1546
3722
9939
3912
5723
797
8327
3983
325
2505
6533
5549
3535
5420
5136
559
7379
2988
1271
4975
9400
7471
7748
9748
9886
7022
8839
7966
9104
826
1634
5238
6198
9211
4913
5053
4697
4448
3016
8514
2179
1239
5298
8025
4677
5411
1735
8151
8837
7173
8048
5410
6767
4726
5266
4961
3042
5787
6425
3284
5297
9827
8640
9470
566
2544
7904
4003
6341
7523
3903
450
7086
7590
5357
3787
6420
6105
1468
8342
7345
5748
634
7676
3881
7689
4266
9877
4798
4066
828
5420
5200
5219
743
613
5023
2750
5828
7173
6550
6876
1552
9053
5428
9539
7189
7756
9871
9980
3666
442
9105
4023
6909
2140
6625
3751
4337
451
3374
2717
6300
205
9096
2914
1389
1288
4877
680
8250
1705
4299
3800
1991
1999
4490
3301
164
6871
9672
4426
511
6214
8546
6084
3278
8466
343
7120
3856
1033
7043
6685
7001
4429
610
264
8286
4803
2500
9643
5918
7017
7067
2238
5028
8079
7024
3482
7603
8289
9496
8238
2863
8764
2685
565
7975
3449
5667
5207
6818
9839
3651
7567
8817
757
1666
190
2514
5997
1397
5604
2244
2113
951
5531
4783
7348
8626
2840
9975
2215
7386
8135
3178
2244
5563
1566
2267
2315
8131
3575
5742
5697
8310
1256
7493
5849
6909
2253
9415
2532
9156
7376
4292
4393
5767
6917
6240
6357
7555
94
8373
422
2648
8776
1120
8953
1034
5504
348
6633
5173
3460
2765
2518
5172
4927
8961
4600
9052
7190
8004
7853
6179
5563
8963
2423
15
8891
753
392
9479
9850
6311
1400
1570
116
1443
387
8108
2942
6750
3139
9877
9540
971
5698
8013
3555
3070
1044
6547
