287.858942
474.662678
870.324995
63.956692
76.545379
504.044445
443.014430
157.944604
352.664671
317.624217
104.066783
103.911710
958.892564
33.122340
312.573847
500.252529
848.613667
845.484947
235.433103
251.875254
99.389545
220.275810
916.753366
669.261024
956.261914
271.612613
688.439821
880.434243
28.060090
410.432350
54.056306
946.973318
577.827645
81.967594
307.174126
289.076045
287.355220
903.925794
132.321911
550.285329
55.382017
97.631307
471.583160
916.150324
523.659390
886.658961
808.534530
120.444769
607.555815
447.438411
30.331332
983.034871
608.403795
718.511030
262.203769
481.985292
839.642908
661.582789
563.092160
498.286135
358.874164
474.560148
733.560421
621.496711
922.565086
120.000317
632.609818
357.063968
238.964594
150.225601
913.535529
978.914962
499.260324
242.941326
872.406912
720.929787
908.498108
886.238814
430.427224
597.044810
483.101935
594.094549
256.630795
260.068392
342.224881
913.118539
335.337557
419.751888
421.387944
625.719137
177.042300
127.542811
444.371160
44.608481
710.370481
636.529626
141.367535
288.087502
310.726842
929.989024
373.098603
441.253419
867.421092
979.604018
547.284943
296.294846
265.026261
93.525366
547.820966
610.181143
107.194110
24.817400
973.237914
593.072490
408.784270
466.779190
537.828254
784.679562
481.360745
416.271341
138.592752
236.002205
592.824794
419.685055
819.270850
746.170660
600.658591
234.513761
86.928851
297.308971
385.798957
360.836070
671.513582
974.172372
347.186867
344.073578
94.892035
827.740248
82.375955
960.345951
261.590671
72.120165
314.610621
266.953031
896.419117
806.462097
994.962880
352.387150
651.975587
516.790584
553.031489
689.098250
92.786898
909.103825
654.992103
686.946379
68.896651
356.557025
123.594106
840.715816
220.960089
822.641471
807.872335
623.766041
861.586969
971.801003
119.007177
712.502353
993.275453
640.116175
297.070099
507.331905
441.756185
357.273880
608.713454
877.726231
831.637610
811.751285
203.199643
384.798434
670.032276
957.597846
376.027246
608.282656
220.736497
925.241217
646.961790
490.020709
550.261241
32.919667
625.719347
682.449530
980.919541
901.013333
464.461332
702.384897
41.692172
770.234155
934.775275
163.266855
899.255763
914.405100
8.977800
706.250938
318.896119
34.086804
628.618455
448.612794
857.273371
700.492065
248.535149
108.499714
797.053294
152.867371
814.423134
0.387732
716.563062
80.869599
968.500224
925.029870
802.531154
900.944496
891.783641
180.723755
955.015279
9.185288
790.722751
563.002480
34.643751
344.523216
268.339856
840.948357
298.108764
475.726751
572.714007
823.873400
30.843785
303.418175
367.461136
948.941252
698.544513
334.967734
419.753164
343.602511
838.674904
895.365512
405.219174
466.750320
119.082189
843.746316
396.583630
76.460002
41.454613
5.098311
134.935539
7.798258
650.363635
920.046194
92.526611
596.193917
818.145948
983.077098
135.679156
654.570351
618.493140
10.411126
417.870070
371.598243
474.724675
606.945749
359.308946
179.770331
199.741457
653.946449
423.911560
349.102436
735.681413
283.168884
847.740088
618.589399
345.700883
784.884587
259.467930
843.536601
230.146471
485.062946
533.515640
996.931400
275.533646
481.634196
31.939857
417.216031
885.667948
952.649463
625.397190
238.146332
927.382711
236.260420
989.364019
879.881263
201.655094
266.946195
938.955492
267.891463
488.444935
967.974350
289.949345
598.113022
510.995088
516.187266
484.900537
440.106839
524.710413
554.287457
336.687980
131.220156
356.673815
874.681551
387.756028
25.311364
752.629666
563.912281
591.825380
717.761909
164.551537
994.188507
996.292247
857.114977
632.948622
967.340218
81.973177
586.631096
91.016271
562.028126
141.943014
251.842182
735.365825
834.958343
794.366835
650.280525
473.054631
564.218704
714.423755
599.053652
387.505125
129.171000
819.606107
180.745982
338.411195
651.338318
759.697837
723.061933
55.528153
769.144558
496.153009
698.971907
702.473890
876.670030
314.960103
168.455046
123.321153
622.167734
66.502748
484.586105
553.343686
182.050433
653.514452
974.454669
806.476811
174.351215
395.680052
400.706620
510.005935
999.038242
525.109613
722.433083
705.495890
380.518028
755.775793
157.170470
212.291783
701.342859
503.194496
321.559373
370.122542
585.042126
943.287084
248.030667
217.807476
638.139574
389.089444
746.897967
72.650651
629.453756
711.437141
267.702030
852.034534
375.754608
753.563148
945.942066
640.448109
485.765330
336.870561
898.182691
10.032127
472.840643
423.144517
880.335314
70.785168
486.094689
722.486077
109.957772
550.288107
212.180112
362.471783
206.067743
911.040082
829.452920
591.348002
946.210827
364.588301
622.702968
939.832090
163.753846
78.532960
457.368877
783.355528
506.904757
771.511582
785.649272
308.808173
340.089165
526.839986
906.041676
714.600489
990.418758
291.003746
494.164733
871.344291
818.769856
56.702997
365.364194
484.907030
926.505777
272.271899
880.674243
520.498264
504.202410
6.439033
584.472395
489.681291
223.315583
828.987088
501.321627
680.207573
298.570105
272.821073
627.540656
822.803324
690.875343
291.681717
404.372929
125.586437
7.986825
333.217782
92.516186
137.827046
575.137718
241.027484
18.173257
855.325983
352.605125
477.516035
195.788974
886.313464
307.276132
299.143078
547.725591
359.276651
531.345457
749.554430
16.264517
4.317748
575.718963
629.214712
333.277610
625.813980
866.638443
179.349871
286.353701
634.936172
591.399511
796.166733
255.987036
388.360932
19.192074
907.006553
700.071062
547.344190
34.266424
