796.032884
993.695046
846.328394
66.270602
143.142090
833.824823
910.008539
807.828030
50.067834
282.630919
680.005125
972.621712
427.196995
475.516578
634.424169
439.616343
646.871307
378.165013
317.884714
138.236300
232.430800
160.733602
170.266928
232.747019
650.428420
311.518712
747.287776
636.085323
616.575435
949.613750
889.337370
542.152006
631.578420
379.225046
403.214491
962.064881
961.223506
29.868012
702.346106
435.774319
402.806353
244.683015
216.339270
686.947107
429.827099
76.804242
930.460012
178.909319
703.016727
938.962234
435.843322
780.448104
18.333340
473.036190
896.075384
860.208501
229.669470
251.974556
216.609068
287.138519
453.791546
349.954906
403.210483
856.926076
560.691546
824.816878
583.207150
902.117042
396.816890
402.537574
586.004120
811.158397
827.723552
432.378944
532.775601
406.227736
99.360465
758.075268
841.871550
559.611171
55.075621
879.557236
108.556729
378.577465
339.988224
271.251384
952.247498
356.359797
22.514172
247.542808
562.969029
832.999274
712.577581
762.648040
574.946856
554.536962
608.223915
611.506616
525.333527
680.703883
985.667775
493.567007
496.622055
863.057050
3.118494
84.018705
365.012293
211.939864
508.738251
713.649503
181.008184
695.374025
767.047838
39.350465
590.046945
222.813467
602.483040
161.245921
313.620747
20.125271
274.680486
276.541658
343.081261
800.795621
935.333892
452.589051
982.870202
657.539136
826.794249
591.316154
548.388065
97.195172
115.637724
484.611694
77.817318
573.240915
967.138138
747.320501
924.994985
958.756513
655.966611
519.793803
488.306418
800.174883
979.165200
857.178564
264.974401
339.704444
238.066650
505.345337
229.177993
499.208402
663.619486
34.046715
548.949589
549.764603
759.652649
907.064075
27.147344
373.408081
897.863025
723.571142
470.893670
622.340361
742.011231
994.118047
962.932397
736.044811
892.337643
350.649050
444.648385
87.132205
749.193240
733.504841
317.091280
415.240490
293.534897
765.459149
649.139411
994.254212
717.633600
777.180150
397.968674
458.511687
585.702394
438.895129
629.356481
148.239724
171.499706
537.447513
552.700533
71.148895
347.549607
293.415632
647.194729
248.232293
51.470491
804.137703
887.060763
490.548336
754.275408
152.238671
218.916534
61.440784
781.065289
867.663810
911.566646
932.334648
786.720388
703.161251
684.554177
147.241586
58.781247
120.269227
823.529692
603.309486
802.411198
770.500803
349.821241
759.761285
759.735092
621.243776
398.651034
77.849798
842.280384
843.671099
617.275382
162.202299
819.944143
818.997324
426.677747
367.765495
391.864429
828.047025
787.484165
52.288324
232.032298
603.460346
786.402549
7.490600
274.254462
794.234748
132.375654
493.595411
407.384968
844.867355
948.427635
984.695986
353.784873
735.813072
234.248143
77.372318
298.458749
168.708420
818.153693
865.449064
362.699094
486.916768
277.827348
828.305410
29.996117
943.881666
239.156902
610.647751
331.216809
912.564558
444.755230
548.827282
234.529105
48.196208
71.870359
295.703903
435.466578
308.431757
266.245957
811.084546
429.202955
66.021851
907.949776
89.023014
743.906264
556.893968
804.673900
147.676572
275.680141
790.866421
375.075640
140.845762
413.564309
623.185483
479.671623
151.076260
693.578727
827.532883
672.963837
311.431554
829.881592
421.843995
490.833998
339.226832
514.438412
931.199346
324.258625
445.202401
298.031832
139.706506
770.378293
112.413010
437.963374
167.565526
238.145768
318.299384
351.940912
244.326277
70.495324
458.677131
847.761301
623.415189
860.695270
3.979535
674.166568
543.282605
172.816833
382.857621
286.932772
973.242231
776.851165
752.493486
891.043092
454.244498
480.548118
330.844677
840.751851
793.943816
286.271591
787.219208
573.285727
411.265475
323.592633
572.889400
274.833549
787.811526
514.502584
646.673379
786.827164
415.801393
654.320069
700.342417
848.972884
253.160706
755.973601
378.609529
611.871028
253.176369
20.238469
547.688302
579.499380
317.716889
387.440832
257.362872
160.186200
394.795600
908.919205
780.658333
158.337831
295.790953
561.235682
545.289758
701.715301
748.372409
826.617670
85.285239
990.989995
167.237751
99.806973
918.858604
999.877744
400.544156
406.960598
885.908635
826.544109
813.455532
748.220103
553.561474
439.811854
236.752724
902.980087
961.139980
388.241851
527.918438
806.792918
244.314626
160.197780
156.971506
206.723034
403.915983
834.477576
308.009911
279.518101
746.792956
850.401187
831.588777
671.679045
647.755903
29.852172
919.915109
723.993846
172.628621
32.101654
781.808463
865.243646
237.420720
370.405101
171.950807
361.914454
342.462134
54.587825
187.217265
440.316826
567.383730
875.931139
760.040985
211.717544
205.566185
187.895972
858.314549
772.997016
115.377762
268.382688
689.569448
244.442382
482.313940
961.547429
264.835800
918.682512
356.909882
264.742367
280.049124
150.760153
574.039481
24.768093
245.114619
773.897541
625.110135
983.215674
733.345460
556.881114
346.668983
430.775700
500.677344
61.840154
677.849151
579.395289
197.687788
325.607880
937.481851
209.176575
951.464913
990.187641
826.707083
880.495614
940.997039
733.023854
815.569482
552.000468
674.722755
720.133788
60.306400
765.990273
56.133703
163.958929
299.092401
949.456889
321.103338
869.093294
521.336341
206.781497
152.837491
312.596795
195.612660
178.005595
587.813042
399.513096
408.439288
810.337126
153.825120
531.000149
721.649666
695.409059
83.324253
3.519284
489.362990
148.865029
413.868893
130.997305
14.521174
603.700074
874.872777
40.795584
798.023192
549.045798
160.126075
685.346147
253.898714
305.262296
41.305951
371.707884
699.180341
838.468444
609.308553
390.774384
66.000132
800.084250
184.348865
603.861088
194.107599
763.276641
214.448656
428.456249
135.851644
209.222237
810.279430
313.321121
943.396455
883.693426
694.026698
81.519792
120.627607
769.482297
41.547003
862.565654
813.561219
758.564041
671.363415
953.526907
641.052048
195.500827
488.372818
921.676674
791.498453
943.299882
939.515698
490.235707
298.855351
524.841687
412.924254
193.634067
894.085598
818.531909
911.899890
860.017100
288.290536
84.668832
238.184050
911.007308
801.971198
230.925849
305.467232
474.362688
279.040170
205.659944
259.248635
970.736061
715.895200
143.928215
978.148136
489.759818
118.746890
18.544249
917.109315
413.370348
645.071727
744.287172
858.673734
444.674630
753.924345
912.704635
854.695932
289.146095
742.617063
711.288553
588.398616
389.192355
632.882855
271.622224
314.641291
62.913078
403.937673
418.094197
51.935776
153.615544
316.241073
258.531859
879.767284
687.868912
895.498775
978.784594
9.958692
295.475620
419.494342
266.698738
238.333213
214.225617
832.035122
290.841988
530.690040
360.483983
545.267121
654.981886
183.707231
120.697104
73.543276
667.265708
213.679479
947.066190
239.330921
477.529682
906.822524
195.197079
696.242284
464.914559
592.101085
818.215911
868.159129
543.994711
311.844061
891.076666
890.133119
269.605527
336.834836
910.376160
360.148513
564.121509
691.807690
330.337879
885.678330
871.483419
544.230911
396.978692
86.721319
928.596517
13.149840
147.755620
696.170613
61.001963
393.073778
956.327294
248.961604
862.803686
288.499526
986.153547
725.120114
52.949562
870.240756
993.786827
876.686477
928.374792
932.159320
234.968089
250.289363
206.253874
399.594349
751.768759
435.092050
320.341426
423.212603
217.381599
623.780679
911.883583
371.828532
652.827088
646.895893
898.826425
987.767512
340.504819
322.030446
53.264480
70.259773
476.746500
7.472112
793.042410
408.515070
833.499820
744.354419
409.892189
743.729303
955.617916
603.464186
249.863766
780.707966
555.788187
55.617513
372.774325
764.175251
50.638954
971.872228
922.854835
885.268260
597.378650
585.616135
146.919833
231.879245
445.679362
546.188382
907.392166
976.973190
440.111947
617.018804
905.033697
800.373723
122.130668
945.328318
5.652757
400.026871
446.417892
698.526246
429.223708
230.420879
686.623040
827.546220
92.345165
841.318925
445.423904
354.265031
297.992995
38.199273
224.340225
551.472576
81.173305
888.760140
996.468344
695.680843
516.067682
402.955285
676.672168
907.593790
532.562313
672.351812
887.181118
752.056885
791.249495
552.027266
704.529914
264.254547
157.620242
607.047968
772.144134
813.280327
944.836643
538.996369
441.651976
345.390308
591.006451
371.687550
669.521022
334.376620
851.914839
354.291617
839.533304
768.287818
281.166690
545.167499
701.834878
26.360528
986.036823
68.230837
368.145408
596.092152
508.413314
462.709216
362.532219
193.925801
17.813783
805.515123
193.354845
777.801356
926.583247
570.635402
96.819161
977.864352
758.267090
776.025546
496.157700
581.525791
474.223423
751.497987
55.516900
639.932534
810.925701
828.159450
592.758102
463.454525
636.623210
863.698647
215.296937
738.649919
206.076530
398.025828
68.809590
876.397549
429.453036
376.982013
39.189332
651.373753
513.532404
979.936322
774.858778
945.106383
495.809650
608.410225
971.360207
24.800829
58.483845
596.383119
261.472683
583.924269
256.682735
398.536303
853.795944
451.209537
794.532793
654.810428
491.042588
635.431445
741.379549
575.851987
634.650480
924.664424
148.325200
333.242888
896.816881
30.776015
518.280657
414.002397
538.307625
727.035334
812.873157
295.923374
953.895585
408.567837
619.840647
923.543250
439.395349
752.555844
89.841702
696.005040
730.038740
373.303961
83.891678
120.755415
570.083302
670.628441
415.308857
42.774419
587.649770
611.346598
990.391375
495.219508
998.030755
347.296093
234.899953
283.824735
256.619917
766.219222
552.609575
364.492778
410.085245
862.510951
598.181499
971.475881
191.980153
491.465554
111.498109
733.294572
992.575341
932.843375
805.384736
974.558694
425.304981
62.960611
535.460898
685.779120
362.168521
756.307433
57.980052
545.390962
952.495892
105.330619
410.175240
941.577001
608.405820
110.369761
733.664831
980.406125
414.057456
259.218554
791.433251
438.928876
284.764636
987.226965
865.645763
773.859918
922.418741
246.042202
675.514897
145.482977
220.251895
308.807760
433.521152
91.169429
749.372318
791.276810
630.748833
42.536358
607.621734
865.259987
991.328064
496.045419
735.213005
862.305736
383.154655
786.629051
234.920609
297.402174
247.674473
24.175613
183.264753
733.491699
413.671056
80.821803
434.542676
447.760860
105.112077
741.707078
523.158740
970.866572
726.402975
700.183436
283.905072
900.237756
356.407145
568.881079
625.938367
244.606183
604.772154
466.379086
226.509394
981.324372
385.549115
38.859101
278.832865
525.541459
201.679027
842.318336
428.885601
623.970531
735.754350
352.473328
636.576378
746.211837
635.076474
971.581990
703.246491
461.040415
293.713203
706.532919
396.857704
833.757545
510.990552
915.290442
617.796012
370.088338
934.153961
376.977758
14.732164
484.825762
579.119968
684.794273
353.518130
301.739428
862.837574
426.209255
320.611813
746.311108
367.231259
919.934422
237.135527
805.939722
4.090211
903.422469
256.614728
197.328775
323.391955
876.173572
478.379489
617.293210
49.729454
328.430381
445.118736
5.706801
277.665852
736.582113
218.497593
467.012673
356.468103
624.860673
619.889692
260.934356
655.070499
36.567767
504.490168
372.539730
931.050476
690.576390
582.264647
722.826219
448.495869
56.540515
763.978766
627.371542
314.667444
77.575356
965.604664
998.957138
818.418934
804.152965
684.997779
505.021808
534.789238
204.615357
611.502950
574.111356
86.120966
27.208881
291.899654
880.720162
821.369038
613.382048
890.984787
227.350179
50.239491
866.756570
72.252930
386.252404
46.861866
502.274494
75.624300
148.109736
913.456721
97.517668
780.997698
248.283667
846.240612
228.815227
55.218161
638.418511
254.943256
436.310768
464.392283
152.517326
145.138055
450.220915
803.649547
745.847793
215.077423
867.780077
778.573847
96.019956
8.309377
137.971593
256.920982
85.640826
564.635267
33.437417
651.616607
824.620830
809.442044
768.961321
630.922720
494.656853
966.189467
3.931717
753.268477
902.017531
924.771847
806.207905
772.842862
859.519498
852.026799
81.636850
35.523742
871.344401
549.024779
239.803419
667.165747
787.869564
467.436652
113.734786
888.802097
703.127024
671.954010
464.410366
980.875506
287.505537
742.982354
634.901860
232.233455
131.424187
649.416260
287.383541
637.924227
93.580093
427.031567
780.729338
243.252887
77.756961
947.203836
530.406729
245.659475
91.813968
722.978572
134.895997
152.296589
566.486874
8.452790
620.865952
728.971358
676.610090
716.707793
339.246580
987.959063
520.793666
454.577023
269.245469
946.746029
926.732291
309.412969
671.674826
394.462061
505.329264
922.127005
61.315930
857.840555
717.392876
201.675517
618.912409
546.753317
918.760325
24.942164
889.628496
392.827277
885.019126
648.797015
782.906303
86.361117
980.482108
349.574641
782.830875
167.636975
740.056074
961.114398
371.583419
586.412207
553.842288
988.688468
949.721169
324.569030
91.360794
537.673001
199.292829
915.085888
195.899330
574.129273
285.545749
883.030278
764.004183
198.593337
205.511310
264.788884
954.435679
902.517331
128.560801
557.117582
380.799881
949.772818
998.454091
676.538442
702.149615
232.568627
239.749792
126.979692
980.761041
873.500020
34.112554
307.385952
635.950869
222.611815
974.604174
215.496386
909.605255
969.226133
278.032540
372.204585
369.717556
186.611974
122.346982
362.901743
996.222944
250.141868
941.378684
289.319628
730.891746
778.751235
303.400815
573.449894
690.608317
733.145168
390.844272
366.228877
682.271053
234.778794
203.217547
895.565522
746.352895
824.365691
664.382830
926.399095
79.839869
46.673492
804.983686
609.195647
111.809289
706.421652
840.553821
934.567146
487.731616
843.254256
318.768120
960.756020
429.408758
585.440501
127.722792
742.508432
5.533144
289.044573
594.415809
787.297249
876.582400
587.646898
684.329009
100.287925
144.251438
141.654426
132.674567
146.680372
623.775073
439.765018
824.214540
160.605980
952.168050
460.817246
364.488608
893.909122
393.431671
284.703475
391.772498
329.959961
251.954722
224.996667
427.018474
5.616791
739.535102
106.658700
300.547268
452.485846
165.918527
391.623026
634.561070
246.081390
803.638553
635.017141
995.086789
842.320720
902.238088
484.023792
691.001379
902.173489
400.035837
92.546169
50.026260
101.112894
492.685050
814.828273
930.118219
148.856846
563.259091
3.654810
494.477845
591.939351
859.326522
574.689684
768.739497
167.195383
615.172153
816.110618
103.928047
442.520474
617.086039
921.510384
511.442321
105.733628
517.025375
139.451610
968.236072
254.171495
213.894724
634.024880
635.788027
286.829028
400.025946
893.224616
298.527045
937.994704
568.171432
316.248784
612.995643
231.897222
305.167028
801.358499
968.905161
326.183961
665.550289
791.262055
45.308680
873.636512
545.287864
710.388636
546.540375
378.081680
638.930906
401.023822
944.382851
908.070850
94.934729
221.136139
250.164772
701.804026
522.953747
658.514727
618.478702
683.567341
483.272555
98.275756
140.057547
338.305399
576.049742
687.289774
691.634841
231.862252
693.783887
18.475277
543.415016
192.609547
614.193214
585.538544
370.501780
958.752157
62.909400
128.618333
132.840488
470.167388
11.633706
713.609817
725.659511
822.832292
105.787260
259.741542
445.368545
413.587069
665.757908
721.830556
295.981454
284.346905
875.140987
614.364762
954.272608
261.338410
322.681757
934.315380
141.896463
789.651093
802.725123
361.568850
213.247228
373.100055
293.518776
810.804625
381.078704
654.822261
997.876506
532.203378
748.928843
793.332986
319.770811
510.172592
576.040137
281.858585
783.332959
776.438671
239.192324
421.702329
95.485806
476.480301
643.245656
875.830699
253.420272
933.288863
198.983521
175.953245
358.936870
950.148881
235.727575
35.270139
9.055668
341.646693
229.976842
858.404853
418.375788
980.024229
428.953105
856.753396
162.415528
507.460070
571.395888
483.598154
667.420566
535.313915
865.228213
109.819168
285.665955
931.069404
949.375464
967.184573
275.775654
912.347676
659.044957
259.907821
591.706555
853.464897
416.110922
856.618757
989.757672
729.812409
583.153317
361.897517
347.051178
549.334549
109.182584
856.485108
833.493448
493.161689
65.334480
842.767763
533.712732
255.395468
191.050937
920.524869
370.337037
322.474163
547.599436
383.491111
540.776760
571.659989
829.508876
336.330520
232.225080
387.227310
732.159984
377.013421
232.142791
529.440659
143.053684
966.227739
504.944065
837.326441
513.296271
342.293490
260.741926
446.639521
338.921673
150.197423
184.795510
563.246278
661.496690
150.237565
12.363246
198.551816
448.738572
870.335492
11.689108
703.475101
156.675713
569.465989
620.520988
146.215796
86.669475
492.537802
955.421941
418.773740
889.483614
179.696818
825.432644
773.238351
177.896986
929.192658
522.024501
630.429916
850.399820
914.251728
182.657482
983.598689
956.323578
276.896021
240.626947
679.024443
202.882214
841.608906
833.087836
806.686972
578.262246
412.965532
446.057220
537.048536
344.409135
412.993904
967.524173
723.543026
416.489122
229.241710
688.165218
415.771740
275.417783
805.582831
456.032110
307.908677
892.310497
889.226179
291.996652
344.299392
607.962603
514.175361
748.329598
116.375678
730.216462
512.102044
318.341646
801.136073
256.839666
39.380941
718.033528
247.205505
556.197763
730.503993
454.447716
53.451116
229.101929
640.843336
616.471337
858.600139
344.841232
727.040447
800.882096
190.562910
88.607643
56.561726
692.781666
917.928592
139.494926
596.021631
793.844805
375.406312
175.107111
874.981334
962.249588
371.679575
922.414642
177.097682
432.356555
508.174394
242.820950
157.674855
313.232301
163.253294
794.569776
78.912120
122.704795
69.251024
517.259306
178.978813
149.457485
719.225395
844.057948
783.993835
923.423093
72.561947
499.617660
582.657784
653.729407
58.583079
467.370475
213.887186
883.633716
206.969997
95.651702
322.972693
343.041190
292.749946
570.431197
122.378841
107.957747
996.185094
550.156073
496.231755
383.313761
593.068064
129.764998
332.968118
102.997095
290.463811
923.226256
2.861656
609.319596
890.883845
229.632104
377.229597
886.515071
425.019166
110.128746
540.260301
720.803558
930.502370
655.074227
156.222607
673.028887
944.614418
496.840656
96.099085
50.852420
532.488078
214.569023
571.694504
65.679035
126.863685
827.002683
797.205643
615.948418
498.261660
119.535749
811.590194
924.242311
481.861178
396.123928
62.744956
449.594660
158.482432
684.389482
371.363903
95.683144
975.949568
646.354343
472.947827
395.732420
712.040093
613.063399
452.214790
632.033525
791.845629
124.627254
371.844105
553.162075
13.534483
469.997815
91.630732
622.876327
539.114957
608.583637
838.550161
680.734724
297.427853
29.272658
556.775601
884.281363
686.574395
21.290469
63.858884
708.587107
546.995267
146.449422
179.106241
933.145587
632.706021
99.598405
805.226886
511.091397
482.522264
196.398185
22.691514
16.897290
88.199673
84.775727
113.170369
838.158223
768.732931
780.863991
626.865614
433.678475
466.766162
854.480348
10.126785
413.031224
774.005469
356.689948
148.886649
84.195803
815.423550
608.821474
908.914173
333.669609
565.332471
232.636087
603.266978
917.630719
391.804278
373.205945
798.980645
159.216393
338.732188
606.373479
138.203246
733.282060
110.990214
299.355362
497.414339
564.723982
283.276747
383.795477
487.467183
968.771776
61.050046
252.759548
474.662300
402.633320
352.568305
225.028536
242.117686
766.164576
29.454829
545.521268
488.147767
61.027863
911.944389
556.203159
365.575326
348.221393
561.355539
286.850841
103.258956
224.815697
721.179821
948.282909
939.606878
306.617682
861.489548
383.738874
217.517046
263.350890
67.699076
724.550006
9.724618
123.263655
638.996919
500.569719
536.475976
356.950314
646.000397
65.041399
556.201860
243.506935
854.951589
530.082101
890.529970
917.201500
655.309948
846.756857
284.675174
630.755005
181.739327
337.290659
901.297497
243.880952
379.667464
915.945376
129.522799
416.217025
87.469765
46.676064
232.624106
592.884924
579.544075
435.228177
952.368829
259.488142
256.079669
15.624385
777.395047
986.488756
113.467930
949.419998
297.963774
187.412129
988.667529
983.166229
536.022816
929.181265
292.914136
662.526574
900.132192
47.599193
192.009311
872.335013
341.484626
239.763317
251.613549
767.241663
245.454274
795.847648
521.023238
245.856962
319.851643
206.064399
226.301203
359.250527
273.633667
607.483101
719.784085
691.848371
845.486631
764.916779
153.790412
575.221509
916.373567
260.579280
655.657182
179.430479
901.086526
620.303876
994.509906
864.017581
574.130805
693.120673
916.639656
344.983545
170.824585
752.696565
806.656733
356.366784
281.892270
595.161864
806.794931
278.288271
87.114282
938.759153
948.060121
542.747989
394.590032
710.711235
301.492480
710.676376
877.347688
652.356837
682.668326
57.698397
229.430295
570.487837
45.390722
365.024133
389.423209
967.353749
639.439882
474.790078
641.103409
659.751301
6.687201
793.346624
783.256950
165.849494
550.823563
767.542121
459.885984
697.208691
594.838710
550.536896
787.486458
246.101561
554.053199
933.553273
652.231158
496.510752
27.641313
837.568037
732.111992
182.655861
205.439603
436.286654
370.974734
96.219271
470.133035
695.404332
602.965718
618.364407
320.545902
529.176837
449.419680
502.804827
192.808155
526.741912
615.953166
259.152357
334.161079
525.116751
422.550704
597.437367
281.511165
545.683151
816.852184
402.345137
535.487584
819.435249
929.546112
90.145237
936.159807
224.167270
395.019606
805.073917
739.214756
386.821521
621.352448
30.856214
79.650901
780.310748
535.613563
57.225545
681.154618
523.710322
29.254545
273.823024
626.246835
416.572259
486.078174
390.892746
438.788038
485.674408
823.851935
700.863356
682.183663
996.730620
868.116428
50.733421
74.468839
678.439825
642.510687
34.470762
294.236619
279.413608
672.253544
875.888769
217.982262
436.731716
886.079928
760.003316
683.208353
643.887007
958.907673
820.839442
573.975206
937.764601
792.477381
780.980411
506.153812
432.742136
388.575737
361.516474
522.523109
112.249357
398.338632
719.877580
42.189104
195.337977
44.336029
802.255200
901.465945
510.015720
303.737216
117.067288
320.379456
660.184439
158.160613
383.777192
971.421283
630.099710
211.827818
459.471690
378.807578
215.781197
870.496198
189.027226
531.587767
364.295181
822.665415
960.621551
320.524729
897.580780
378.534441
982.426590
579.283294
110.500277
924.942841
697.070492
808.401482
514.872688
639.093592
117.164837
577.055279
821.930651
927.656989
837.901874
862.714342
731.101817
973.017079
673.066083
83.107924
256.773806
453.426278
440.155308
324.678982
491.750518
356.219500
370.959704
763.647825
92.951037
497.720150
807.182199
524.256521
397.617277
419.824899
927.087462
983.377037
311.760007
65.996636
536.119392
934.559243
784.064988
196.855516
280.579289
128.238199
807.173149
286.101980
974.997803
891.505631
465.477241
742.802768
693.716286
871.054261
286.093120
685.947288
544.323540
683.549102
58.415161
593.870326
269.783054
896.264399
152.871128
100.646838
209.823376
161.376989
64.447562
734.055574
579.896249
316.325833
432.346425
304.253643
255.204459
968.382868
537.985112
166.835342
235.502446
481.069449
695.026633
224.958989
861.699855
61.746236
626.312873
425.147885
999.133461
445.775701
956.133511
467.941260
620.828128
64.393113
583.682075
559.491595
488.293127
400.972023
441.531533
779.244373
314.743110
142.794108
310.914806
798.045744
907.099060
832.888507
215.300004
669.294849
370.054185
28.480430
857.594967
978.073223
443.883904
782.433149
797.917226
705.636288
403.632159
980.015399
895.179031
514.759385
122.152387
52.820036
220.702114
34.370783
427.101168
580.619145
231.669600
344.091834
185.663532
859.092413
890.801462
762.319275
126.871656
583.663509
748.904316
21.346307
533.395085
665.201774
787.049248
480.905687
214.421419
957.105335
699.387705
862.442973
401.307081
827.395707
708.222085
838.792156
210.789185
126.972853
872.822205
537.971532
869.325892
995.558312
761.001456
483.858470
642.183400
370.963538
779.984250
764.620824
36.101910
656.902213
438.618126
966.744233
361.886085
885.058127
786.265486
171.781264
418.375528
964.328578
681.616460
934.430819
810.752493
985.866885
3.179030
718.327641
440.208053
551.307978
961.333566
133.024621
361.630117
321.151210
382.748234
304.414251
905.737241
502.845010
833.625143
768.491793
938.406609
612.161732
179.800930
924.067656
717.078314
285.414285
358.819402
769.972819
182.134004
932.013036
140.914441
357.831099
755.426893
394.825409
883.666682
672.921742
366.533976
561.815363
666.921281
344.610861
619.073399
67.500342
28.837256
24.085633
672.174947
528.050261
798.962353
736.055061
392.260210
11.852715
633.698684
610.609409
818.541696
661.453533
162.316812
784.720635
480.540690
626.940126
543.225637
940.154361
494.261603
6.698022
604.979207
38.303679
253.615227
481.494316
475.348286
158.736586
444.453922
711.573521
26.226771
490.414477
777.291787
449.562702
426.067941
706.939734
731.315441
17.130764
163.457842
940.826555
215.799407
209.211981
200.996557
507.415533
699.100162
268.296658
373.173221
326.216103
400.161716
198.419977
157.970494
814.060291
937.647379
566.448827
354.086036
868.176833
3.018169
661.932857
131.469216
971.330231
448.000813
778.984044
819.439157
366.436588
330.851447
384.254702
559.974718
577.409029
489.181567
224.404235
799.964924
926.960178
884.002418
255.998646
848.393295
401.976996
280.288709
495.912031
431.957391
965.992234
693.396597
725.826640
405.166790
962.681080
558.686881
626.505634
686.599987
515.341761
882.533435
626.812219
712.263165
489.600368
718.445097
489.293079
474.290022
827.763122
468.386621
422.029928
869.193999
153.896461
681.933844
495.547280
640.233436
677.112570
970.094526
142.806538
127.630927
581.442763
85.442753
569.886274
86.517926
177.426596
887.014293
785.583787
430.259367
123.403653
333.423103
340.087120
986.823141
221.990518
147.052610
232.887708
670.859915
837.144104
803.460103
515.120840
629.659400
261.273422
927.680736
914.493799
426.990739
737.413726
151.995732
494.254941
393.764809
960.983673
44.989959
607.223258
336.784103
663.532576
314.326381
973.097601
802.662582
203.292465
198.470406
631.019898
645.290107
21.181319
384.619215
687.551717
81.443294
88.052648
143.577455
844.909405
75.880137
505.738573
986.533927
54.663717
531.113237
571.495119
722.272285
196.871021
588.830882
821.741689
647.396657
152.442021
965.299130
987.165006
246.300179
452.991991
890.012531
940.429351
365.229619
344.546323
477.087593
840.050367
369.561523
643.036828
858.046419
432.933176
941.154284
566.152789
41.534345
651.682676
674.579079
918.042140
931.491444
339.220275
638.522696
975.531250
549.831278
72.921453
775.605665
155.220706
68.061478
895.146506
821.797682
869.173023
487.024706
739.297601
77.759677
179.105154
389.370583
552.557709
269.901305
692.502031
869.906719
830.413557
650.907778
79.291995
7.840043
18.386510
958.020802
619.057464
23.307849
968.006149
272.618170
415.004605
861.198115
565.275679
501.135207
801.156749
443.314541
190.697354
337.422512
851.239578
436.259815
82.710186
431.240197
679.985622
741.046770
907.415680
776.034141
854.594308
628.057096
768.114332
980.465013
245.558485
498.964638
922.902549
832.976587
996.258758
480.148017
541.222905
844.055929
156.422829
771.198565
712.699634
23.666753
716.961293
650.534847
98.632681
335.616842
846.318952
736.765069
468.363224
373.055928
891.384022
762.039061
81.149183
902.062871
308.439615
948.902891
496.501593
999.931741
802.544378
625.474670
868.308157
486.757659
713.703772
751.673889
353.843358
33.210876
391.867967
187.176825
491.537095
978.011701
51.462296
324.624738
161.723769
364.958489
487.940244
735.178262
41.772132
758.324502
3.611400
40.518577
582.047154
619.182174
699.595556
275.502433
600.010270
737.013015
397.130159
59.731788
884.112708
224.435896
420.552087
343.474176
757.170403
464.384630
154.404102
588.946103
190.704331
821.471572
146.854690
851.182959
704.917558
953.009508
66.691125
526.030291
597.605149
572.095179
557.930758
366.555808
700.905750
458.736548
0.054480
821.531437
703.698875
986.526140
57.267600
908.761798
396.665054
516.223079
877.275003
61.371833
649.105968
549.757322
476.068836
25.333510
215.057453
912.957387
696.486658
380.651374
640.853662
675.258240
568.421536
169.229730
672.464651
290.092049
381.980458
265.413962
562.192326
197.592868
735.768322
191.160870
943.596320
15.278472
23.525414
762.813290
836.282544
595.057127
522.753993
297.311728
844.714244
775.382707
736.171296
986.230588
26.669735
959.476493
142.976443
271.134220
916.972048
118.257567
90.954287
116.990959
420.930721
317.490812
453.029332
606.073668
897.648509
269.072046
841.602586
3.373781
673.100822
385.138152
369.934646
470.823025
892.214122
725.475971
921.588155
901.881967
384.528744
747.822648
841.923358
96.673114
774.773060
969.197026
297.712359
92.935810
817.715877
734.193336
420.454622
667.052377
442.572001
827.015655
721.144927
457.801788
186.486996
446.269851
719.780987
183.552474
721.660414
676.442290
211.512054
850.591196
46.131697
699.052845
222.129359
745.081937
755.155416
546.167737
882.686352
266.995034
832.557111
813.203995
442.200502
908.563460
258.727168
724.283119
515.570214
455.060637
604.661392
997.236590
259.140257
73.268702
975.775957
735.622230
485.330970
606.671000
753.662178
78.155975
828.215943
361.216952
262.701432
560.362482
828.986617
939.517513
297.393028
170.408008
830.449923
770.937400
745.649532
978.276853
469.292440
597.391275
495.939108
532.486610
111.437133
195.068236
213.410766
4.345686
797.844730
550.917607
462.622498
421.994936
88.889275
587.188613
441.047865
143.669545
264.392658
318.777053
899.590889
439.918035
315.639722
995.731158
442.605401
660.581834
415.944734
528.818001
250.830478
910.799774
67.881894
920.855559
67.957785
961.892626
897.586703
884.886809
307.020118
608.873373
890.874328
226.808312
852.033593
339.101613
203.913424
763.981348
834.969946
595.061853
959.850515
748.504498
392.713738
88.791155
815.255092
37.544152
689.909100
729.851486
217.622494
170.482882
830.989136
41.245668
713.069168
441.169438
399.216808
557.911947
225.468831
28.866243
947.668828
100.325909
233.739241
288.550693
283.895158
333.402711
191.755759
841.372431
926.508166
653.056926
213.464194
272.165296
473.540223
221.608063
230.421967
750.663839
365.620186
603.030639
111.242725
989.179976
122.699191
319.910789
267.243985
37.086907
266.507571
584.714933
837.602872
583.429816
928.785979
575.541398
403.586454
38.352347
332.032633
973.019239
429.732803
945.480418
950.081531
681.105349
11.047307
510.822701
874.420247
434.714843
601.388920
426.055823
562.661099
889.224715
367.103949
186.730955
356.640514
46.899427
312.492836
966.341906
515.061335
831.728610
387.448832
795.302374
301.365314
255.701937
360.251344
108.508503
418.077537
499.626419
449.108306
762.295896
271.667101
737.614281
674.573518
587.568086
690.937893
777.204238
648.688725
870.962427
204.684568
825.857512
874.936582
751.710648
565.506911
431.393574
962.879654
939.038863
929.619054
63.999072
694.563453
227.083145
338.432228
392.791024
864.845902
951.870026
527.985055
799.518059
818.546476
884.011446
579.583326
310.114072
14.970661
476.463414
11.835728
200.362358
729.460783
400.275960
469.962599
981.991864
495.485452
813.251422
6.148578
887.951967
820.600291
475.297409
543.338687
34.277995
13.986417
648.990355
143.558346
840.763542
856.780272
336.444823
825.105768
9.341952
848.807743
953.706747
746.870890
563.812443
671.241802
31.147471
827.366810
422.253930
485.655797
504.273186
831.466976
289.714471
206.920060
173.026630
978.208534
890.853355
877.923828
642.902547
42.719554
201.041791
105.762769
695.565341
168.526756
904.429350
39.311278
836.600693
395.103368
936.936359
964.545738
959.511518
377.070795
951.090086
727.488482
664.956322
3.800363
542.320677
182.646961
751.298081
595.218990
482.882092
758.648793
981.105781
835.729650
926.301187
860.526655
25.755929
610.107017
226.382514
905.872402
178.016810
535.399694
413.701646
473.552679
374.961390
33.934066
874.192607
308.463570
713.275980
39.803041
165.785563
303.892283
655.490941
860.196635
928.785859
889.039372
37.475318
333.593467
504.311830
792.092490
346.856030
635.564417
260.750071
55.082529
120.945864
850.744655
153.677814
920.532578
616.425085
43.936484
863.340170
100.296504
271.802576
230.412691
560.369693
558.333196
185.530434
218.821619
518.717297
896.990885
373.263892
889.953243
455.306682
659.219786
717.481592
286.984601
85.691747
264.253868
776.889811
171.416740
841.426156
502.134692
101.331448
687.514884
820.138657
540.905586
119.198392
950.427930
814.575176
9.407298
316.000476
828.194248
610.301929
179.808910
616.293817
81.888959
468.751241
603.548236
555.604983
897.772684
864.276999
802.275707
35.097278
241.606573
390.683413
449.694308
270.099573
3.991380
707.390790
904.185136
696.316871
910.736941
194.790983
985.913117
87.426790
189.061837
358.217939
152.189217
821.001623
521.763060
866.535095
846.008663
479.605945
235.023840
452.187957
618.681485
172.513975
966.147215
297.850835
554.997327
151.920392
550.182839
794.416487
176.713401
193.479854
931.884578
150.959988
278.152834
618.725300
180.110370
507.116959
20.166771
363.458614
300.356076
248.250244
901.318617
93.269280
572.931386
463.301233
621.957959
85.137251
614.373897
97.852646
715.703884
10.895895
244.983943
20.796727
327.359063
677.268712
62.602179
486.950210
12.210534
356.629301
797.400052
586.366741
723.123417
618.146559
959.487342
372.999395
936.464407
326.749748
934.022741
712.327105
78.083519
2.754120
104.312464
632.095923
293.156987
614.413690
807.147600
484.966707
36.263225
178.328395
803.326423
48.102167
425.606072
264.160608
600.755982
691.474523
997.229264
291.665107
657.649158
196.430226
976.159592
722.530607
889.442789
794.253400
597.876007
663.536316
27.670700
334.959811
549.330956
69.714056
927.266102
482.760384
371.292171
453.403639
603.052495
480.842134
4.850019
623.678492
174.346012
961.577990
937.307455
884.388422
257.205610
469.406788
451.388463
861.699315
738.303067
276.524716
896.629214
176.010420
235.814066
410.942014
868.344692
821.888401
707.871349
914.146629
206.633175
969.311577
582.227659
187.642584
850.135997
752.803399
24.074645
536.271976
112.271091
778.406054
884.980558
372.378010
64.913563
209.971101
817.702419
178.902200
711.036885
556.198801
973.259538
732.216222
360.910474
9.071446
936.117854
596.483526
484.838137
93.327076
199.970875
143.127540
339.519280
716.381922
514.905839
924.848673
573.054330
142.502403
85.290826
327.316297
0.852782
662.040668
391.208816
276.418507
652.042928
67.530210
624.795721
247.439583
381.508487
339.149108
826.380219
653.050079
987.977672
538.153148
880.712276
614.781444
975.545995
861.787139
852.126601
712.628645
158.873543
343.905635
158.538511
632.637049
880.666425
766.235380
265.376580
449.586976
496.833827
188.610295
445.075720
210.570846
644.927882
562.616124
628.687940
542.693047
504.161507
331.470412
372.034416
74.477469
164.354566
244.137919
910.627133
575.963696
696.958620
790.636691
600.448296
848.838660
428.609823
602.212051
958.451476
745.887647
562.899730
718.741643
528.815853
864.521400
296.536325
239.972487
563.677084
539.796959
852.280970
91.509410
77.101545
962.299486
849.528680
184.995212
144.773816
181.395346
495.067974
752.468070
736.893936
706.055686
750.788773
13.481345
592.787910
730.466553
460.019148
640.943191
104.860745
148.296026
947.933029
801.151519
274.949545
66.681596
37.190563
242.669485
885.285808
149.201261
750.416766
106.240498
424.952162
508.438684
750.282812
637.489803
48.877661
106.151696
180.905240
88.379860
641.931955
353.741136
219.777109
206.608180
248.307007
151.884013
217.071243
605.597741
972.040242
562.990742
477.566076
389.602743
758.614918
913.205939
540.712932
997.404591
349.104536
556.925867
466.299029
893.445672
230.895804
361.399196
115.415190
661.518113
795.195629
574.483558
12.838716
494.364253
463.789090
48.898626
40.951184
318.078354
245.529042
4.677208
998.056285
634.452393
770.593842
551.967486
480.748199
520.699063
724.402838
405.656190
670.610017
541.404157
964.440328
9.009055
747.114683
672.078516
751.977728
396.625001
837.456841
233.524603
542.812842
233.051657
152.054987
168.448505
666.199442
593.700536
760.803515
92.786586
953.071477
119.951281
240.189869
593.336227
688.924634
724.136181
662.377144
120.589742
618.921992
256.269838
578.542688
811.778389
731.986410
301.369546
514.488357
910.131840
930.416568
816.950886
706.081495
314.461982
438.106997
327.233646
331.407919
615.608551
16.883697
81.826362
578.579221
1.690606
482.170104
551.996311
108.610880
427.869030
115.517500
15.406137
136.452018
692.909216
994.480040
279.382985
728.857976
163.568875
334.436446
685.631341
163.408412
245.853918
552.530563
835.536388
850.622541
427.606687
348.304981
75.356189
867.324845
828.264655
176.374309
652.843677
733.185418
301.828414
679.004351
134.619027
139.069109
530.947871
43.348041
375.891914
490.047667
175.592579
354.540865
673.265734
848.765666
409.841325
777.058365
844.207518
513.246778
240.347374
35.354594
853.541606
911.883789
877.352313
901.841532
97.174608
151.646230
580.577197
319.899214
444.284536
578.312771
872.093510
123.101424
584.657902
454.163041
985.906349
188.130137
799.820430
588.300757
95.387221
423.047904
377.993881
6.041523
661.012013
138.802124
211.235028
916.530129
134.439087
996.779218
553.936364
75.221186
6.203988
586.534973
438.388067
254.123903
723.087039
150.896248
763.231509
640.606227
9.331407
949.668152
319.560113
809.054266
852.991340
783.914978
495.817531
126.714534
871.678276
655.946284
886.206140
321.206138
645.960298
843.135472
374.899532
774.175558
949.414404
332.298344
624.370164
249.273262
235.713035
982.127121
25.154995
798.666109
623.265412
405.180512
895.741414
849.544371
278.781404
631.717081
412.891872
603.405451
668.617797
798.145564
874.584615
442.961069
184.504561
918.939843
127.001102
423.417102
56.935760
302.925765
649.222060
983.601552
516.271619
385.078372
552.471783
699.966898
903.773183
952.070734
79.792688
586.442024
977.005234
798.322030
450.314955
587.070002
27.285796
217.360569
408.327718
191.739222
745.470532
340.840398
718.142094
22.567838
702.441417
867.121871
486.456016
773.245632
519.912830
293.604817
600.616362
803.386020
762.969165
791.862319
196.909386
392.520717
901.879229
693.510099
77.772996
684.510418
752.075091
724.237609
987.967259
112.165567
354.791539
229.808252
572.568709
175.865586
838.979783
92.306035
268.340398
175.807442
168.563796
772.598764
69.962349
772.656104
487.955054
738.738552
577.846850
608.938197
808.753058
914.560453
248.404611
998.361790
737.279199
954.206560
210.919657
480.156541
866.569959
460.141612
875.516729
581.838878
404.700846
175.189916
289.892316
518.188780
868.859191
43.562988
537.620423
186.152248
720.758811
775.904724
860.422346
707.734898
178.062280
788.591106
98.254984
778.796805
100.688071
705.669892
37.765948
292.714743
91.568118
627.926628
680.847887
767.144129
247.991385
288.961879
920.947736
315.483493
811.787716
106.063597
716.292908
786.620346
903.190689
45.816173
145.095211
439.923045
571.386445
775.671851
580.123127
4.531332
822.740746
512.764433
999.019721
16.457845
410.153777
826.552765
821.614011
911.109346
816.762366
317.313048
550.107859
996.634910
886.658889
155.921773
286.861412
857.874680
729.973166
176.217025
743.589412
364.761953
538.681446
840.251776
56.673239
71.833706
352.582295
324.176854
908.981667
359.271415
447.117769
25.485961
804.017569
735.384721
314.660550
206.845224
695.421673
304.381850
868.463489
89.619345
623.386431
539.564999
305.639172
250.104005
595.701911
133.867130
521.693837
390.774199
891.073238
443.433560
353.772710
199.130995
821.072192
759.109320
232.026301
261.172392
778.954311
865.320311
839.133435
224.978995
21.044008
191.740354
417.975360
628.646214
6.710051
965.238318
507.887601
641.058723
953.290714
7.874178
959.496533
241.322475
182.736057
248.251688
952.025112
239.419775
288.152732
354.303921
480.238407
12.820240
330.679749
191.966714
768.053414
871.041158
212.118250
927.349785
464.528542
574.742043
194.612783
889.917051
392.851107
505.533873
152.361827
84.598289
615.565900
129.008189
163.085569
875.900623
539.200117
477.355090
322.828090
351.599891
572.541654
568.940913
223.791700
440.190375
712.078953
409.563880
827.458582
612.493539
222.269767
226.027695
987.079837
219.538775
756.521978
815.732780
453.014660
746.924600
310.585727
677.549258
113.297260
130.857719
534.669975
460.306916
888.365721
160.248695
609.075946
922.427751
291.219985
211.529078
632.613318
242.787605
891.934217
735.808076
234.975734
691.888724
382.190894
871.278332
634.432065
244.337149
928.029596
372.683774
280.655584
161.886416
262.486132
386.473583
757.251077
36.008480
599.136517
891.001922
900.705252
105.668849
629.120101
96.206407
102.405773
778.317176
75.068848
821.017553
763.804852
374.066870
390.418732
410.713769
963.212465
650.036445
854.154271
86.648227
629.205816
288.029589
196.998840
508.409870
193.440077
765.592659
530.764478
503.178978
804.463774
936.866827
834.765509
978.226598
52.179242
622.914594
498.508739
869.208018
140.646958
436.969345
421.279741
355.433330
457.480405
730.529196
94.412134
216.068283
190.726955
967.484408
658.376535
590.798278
992.974519
488.620871
812.934176
916.282933
128.970463
864.701798
251.633781
236.419006
17.060979
988.320939
631.219528
716.457595
460.822545
70.596641
211.008040
220.217541
485.543162
775.123821
596.266135
183.434485
520.640381
373.917446
664.206650
446.342026
197.978964
649.390021
886.087474
749.130571
856.262689
503.696162
473.964591
546.844102
346.644887
797.992925
757.191358
35.687254
36.523487
46.099098
569.516555
505.703328
873.393589
563.540089
723.209486
647.375384
722.093992
58.545414
999.261689
204.837209
650.972921
982.634945
521.284375
867.209021
733.888605
802.537928
415.401107
661.191735
627.374277
287.639375
660.661346
278.227366
6.982703
494.699679
276.454656
243.427598
317.625569
380.523081
46.886151
572.248334
278.675403
646.124649
308.131400
518.669947
672.567353
670.994118
722.790595
291.609385
205.920570
145.953272
488.344743
754.147543
386.597364
157.013397
224.451212
524.541539
185.777060
692.957085
579.278249
539.418672
861.496631
329.990660
651.035792
675.884083
357.398416
757.034558
513.439418
953.794710
455.841699
805.538955
728.115480
611.104754
530.850004
126.073978
949.273049
905.063457
44.026306
162.807068
167.863163
239.850311
328.684853
101.113100
526.838165
117.328068
263.983061
603.709977
966.700795
934.110858
521.445395
863.152333
446.296716
20.810082
488.187495
77.297930
639.447989
611.216783
699.738334
113.716831
509.266767
350.673442
15.019867
691.992243
559.214205
941.129071
164.311244
457.753247
15.079399
52.196922
956.008344
777.147888
92.280310
183.533728
553.809201
912.299888
222.098314
850.480872
706.168014
793.868125
662.263715
604.881553
258.998566
416.352094
238.351706
828.054492
241.371931
445.184049
578.158250
76.882843
461.194044
581.324892
975.716664
925.245935
320.581450
868.543553
794.992758
49.619520
189.514525
800.802939
686.507497
647.438914
625.608279
378.803948
253.660974
287.898812
837.414499
557.639069
340.828327
663.220899
193.432122
55.330978
213.996124
59.321442
349.293978
591.182545
830.838833
100.043878
55.124998
558.496948
292.478305
260.378668
423.637450
120.221575
549.109257
39.965457
164.254165
207.486271
860.436500
463.338649
3.378019
127.809482
206.674948
120.017835
14.887916
561.418009
8.184682
461.212306
91.965610
488.642451
340.537806
177.873414
36.084585
910.152663
204.641533
108.537459
745.027896
72.325148
453.514869
75.985400
936.785808
292.301916
170.694913
104.587345
410.556138
76.207224
403.989573
600.684195
853.572955
329.241582
755.394168
420.230042
795.274240
422.329672
400.353647
111.515560
341.494273
386.105994
855.566918
404.412385
536.790411
277.337993
217.298673
721.565866
612.877060
583.241233
136.808828
637.771549
261.051146
679.411231
259.632791
631.954659
401.934133
51.204132
26.586867
70.003711
341.247170
23.251353
82.130317
128.798415
545.385829
405.818238
135.447972
215.899608
103.275615
304.004386
832.841513
58.751679
107.818827
250.757868
40.952598
354.999470
740.776195
898.707787
457.899390
865.608972
460.510721
555.627698
649.346102
642.932461
799.791621
677.962514
249.964097
357.557158
864.748155
116.016395
124.053589
513.561002
674.551495
257.431563
459.029214
886.233925
460.986547
317.340052
275.096353
511.206117
124.501383
28.662331
668.529799
459.226974
134.935927
54.924406
775.665732
141.251569
302.178906
33.371915
894.433561
371.138306
932.024419
695.450471
97.562687
863.517099
960.429742
168.566122
210.610892
800.237602
818.022088
256.440213
174.473582
666.980203
704.612967
927.915481
812.488436
62.518907
795.829501
885.324060
843.896985
376.797020
725.678622
683.646081
885.071809
982.473629
929.202228
625.198612
178.726927
611.590505
397.858154
547.479375
962.679707
84.707351
887.765618
88.115229
772.467486
442.951193
89.806796
283.654854
781.351555
704.272197
635.767313
319.588656
337.769310
178.120799
38.564978
413.720702
406.557121
167.370660
242.635635
312.409707
822.850687
862.203176
666.082151
56.254003
561.714701
268.183331
687.917059
556.057290
733.227043
756.294486
778.366420
693.117201
578.007253
74.109011
368.343994
586.950741
100.777872
658.288695
841.490007
755.250799
303.983402
668.997589
524.240089
93.585527
262.616568
746.229570
552.215600
662.763885
848.760355
867.567477
887.398906
485.340746
447.123629
85.770691
191.266626
173.125435
560.309722
355.213621
388.837464
660.570427
421.060702
948.934901
508.244503
542.297931
870.360467
363.968437
799.382273
817.960329
0.072433
950.504187
813.260069
272.960356
591.583445
829.991131
296.656226
711.889010
367.560872
239.154700
321.193487
707.400587
72.957332
520.384726
807.201276
51.891509
371.042106
152.234063
591.169286
609.195087
937.165344
225.891902
57.196133
131.662151
975.813563
228.781950
829.816236
405.667311
218.619160
179.014055
296.299111
420.159763
152.605149
559.609042
201.734504
627.461288
649.606894
496.343274
100.966933
326.465060
516.260644
774.341517
450.971557
860.282705
709.379572
684.261026
454.939210
66.772253
702.997591
781.296568
837.432222
501.007917
363.210444
260.777208
501.128126
297.222295
735.938155
94.279696
728.270306
136.155806
819.118411
986.465226
510.006473
579.418621
218.285245
164.071272
726.453487
650.606155
705.124607
67.175670
266.501280
719.876003
809.605441
448.482885
982.562204
924.538772
381.663722
622.678779
489.040997
988.120352
53.430102
45.033221
132.948080
269.676971
572.993412
519.075919
730.968944
442.863122
765.820695
745.662277
437.675979
184.042836
555.021539
638.484650
445.026580
217.797951
110.751892
687.841228
400.365921
848.480024
384.007125
699.990077
268.680168
470.141171
590.329689
688.543160
752.527615
409.350303
919.789662
244.354933
239.585597
935.714917
967.644978
697.262748
662.697706
526.715849
542.409456
425.295423
908.365502
45.814435
49.136043
284.665783
47.343968
460.949878
763.441367
792.903104
637.402615
436.138597
435.733044
727.049549
546.174070
637.675500
975.032567
27.388744
822.880710
348.557412
134.978738
830.834990
568.641800
174.183375
263.452559
594.971062
95.830375
219.832661
690.274834
861.692042
134.060827
347.878880
448.736336
756.169817
769.544187
448.869334
886.423858
88.197684
200.046162
293.072247
552.335594
970.551404
19.195148
438.590277
356.522816
931.259217
728.724610
301.480080
449.709803
26.482809
914.761295
278.447231
782.023333
754.920719
751.562777
0.946915
24.691708
187.511258
100.638609
168.378983
285.769412
585.248784
315.141143
780.614502
113.224255
521.737207
519.385237
195.221592
454.108969
750.929449
766.170432
727.245971
195.377417
464.838912
772.167676
632.177828
21.471189
610.780248
126.160651
644.127113
479.517104
908.255243
474.789269
588.954652
332.299648
605.218749
832.575390
605.090424
423.157011
754.508018
688.780285
120.367558
923.605427
753.827150
65.316859
647.593625
774.250316
653.474871
496.300394
753.439220
272.202251
750.941053
67.647738
270.716483
776.947776
581.595845
733.533054
425.827887
15.646585
931.888741
814.552929
528.973105
390.788846
843.720060
778.163013
846.937567
627.127218
677.837881
637.034379
171.533113
686.096824
297.771732
639.126490
37.046541
145.227715
223.715956
424.492127
97.267326
87.593259
807.548502
21.827713
758.425928
600.248411
173.354425
41.195607
720.093274
861.262266
851.908897
81.356594
957.402837
425.578179
406.503814
60.635716
316.204924
218.667154
803.124288
331.572182
916.067569
262.192748
17.527085
672.586964
751.394239
664.869591
94.033282
639.153172
575.170371
921.462179
537.541982
281.160549
352.977168
909.033629
357.169494
182.527009
47.462979
814.049397
967.025992
380.858636
281.341323
84.009598
873.119910
754.453089
741.861224
327.532975
582.126725
425.192997
620.069356
795.066913
624.631184
323.111870
824.209843
303.741985
50.266212
590.477877
939.141683
195.860809
370.850651
611.150095
435.986187
275.296213
13.073481
356.062918
768.938047
521.967385
897.011079
259.773347
285.237373
641.492023
319.148128
153.659265
336.136791
104.933123
110.557614
655.481828
148.746054
130.650696
545.235224
302.338839
209.350666
804.177236
537.171093
638.528296
35.282163
691.957544
475.492428
677.191954
154.214677
938.130352
469.032361
935.263343
917.635182
330.154242
601.033317
925.914417
146.992809
950.541985
366.582478
763.506009
385.082877
970.415721
526.903315
411.587461
527.093295
304.592080
526.501461
805.178839
694.778527
262.983894
840.143000
70.943114
530.666972
490.209949
272.381479
593.592577
796.857751
653.225355
43.245398
37.674414
398.722105
642.948924
233.668249
817.921025
697.819147
259.949464
813.237092
826.896949
765.868652
290.431057
879.606194
401.454568
880.909508
590.094052
798.446501
399.973846
731.975936
131.884717
96.252771
962.831284
383.206923
279.451033
901.845413
707.531035
399.519800
367.000892
338.874131
827.274211
404.923753
142.329946
362.378501
291.398370
774.583716
639.604508
31.893907
864.965841
627.492098
177.495715
40.571508
279.335986
740.341110
991.760337
627.533089
69.791436
917.873413
863.858300
607.896525
31.940288
148.611870
112.351213
545.082949
788.940057
137.446924
799.088661
508.946267
559.351997
204.654952
504.586758
280.325561
470.691413
414.179533
55.920601
600.706710
717.113969
849.627356
487.151755
71.443701
52.016744
446.217464
702.364687
550.212018
482.396285
751.951148
886.187568
78.633947
856.818652
662.862878
666.387761
413.899539
89.570107
862.855780
879.867452
412.345102
726.346897
3.448817
931.651526
203.452547
69.084065
725.725787
252.508225
122.962684
751.246040
461.478628
170.670958
247.746342
796.811644
111.994203
252.545884
290.617477
158.803394
454.663387
997.135809
556.646166
298.859965
98.979086
126.122752
963.911269
203.399561
69.382643
836.556474
633.778731
59.935079
408.864639
23.927592
436.546360
665.106367
857.148554
476.228311
744.277939
976.227390
717.957314
208.045418
686.159365
645.302958
442.647987
222.964219
204.434280
789.928623
56.501925
34.760081
268.704856
833.254652
312.769994
356.983432
249.727850
795.244861
435.306292
693.545359
357.558695
125.037603
987.094894
420.602003
857.539107
924.460860
734.507633
884.668179
327.212950
35.689573
589.044726
116.736471
447.372181
543.159996
532.213562
224.816250
467.688266
847.987469
160.216311
525.140126
884.631653
612.886645
752.938733
691.103080
810.230574
365.832327
743.053081
833.627837
79.452532
784.697270
53.011601
936.266640
489.751451
407.408498
261.879263
114.412569
501.324900
261.931480
73.099753
602.714724
507.737707
316.858815
247.852779
304.979516
138.623434
303.022987
415.485923
214.729214
755.602180
223.591349
60.294956
464.819292
830.315976
176.463192
315.346309
245.880347
719.392600
147.743025
434.057897
543.578779
863.430075
50.002426
170.316480
394.911594
241.629870
846.164945
777.151540
992.201980
463.150932
452.215296
573.470278
35.236310
764.571836
969.076057
969.639343
265.848726
346.512952
45.572264
718.990123
690.776710
913.813619
159.184726
847.300421
710.404853
316.358481
601.627791
235.956305
1.565112
408.319734
902.222493
318.624169
336.327971
221.486310
668.309985
371.409903
815.652015
797.724568
333.191892
34.443953
460.206867
520.070834
613.017299
66.890975
865.849763
574.102492
355.330131
929.363220
905.208558
143.768635
820.034469
595.473621
398.684419
755.369926
847.237865
847.814458
651.722367
641.246446
458.638159
357.884160
191.236289
538.062879
391.262056
277.280067
297.183026
845.704535
767.741826
692.554221
619.824474
294.856897
172.657659
179.862630
345.900278
52.825470
187.773906
910.790048
60.811757
138.996920
599.864227
5.297699
554.584339
636.295642
710.633139
30.570242
109.888528
600.077622
754.356995
356.473607
676.483387
16.725444
375.999539
800.493549
24.454905
535.744201
745.518553
162.779439
214.917474
976.274971
50.693790
914.775923
212.869192
923.295896
97.224486
137.018398
337.582279
766.376713
768.717875
919.595046
879.173369
918.973740
612.490156
194.399206
453.398526
530.764578
801.096419
950.147767
159.866300
125.718800
874.157434
774.342786
731.295275
374.491069
724.838468
796.826925
584.561617
458.573870
609.488543
416.744062
76.791265
615.598508
158.249467
69.396001
601.746954
826.587143
140.973207
213.021070
164.645907
322.271638
913.724211
146.402126
506.819465
284.188642
955.191467
560.311759
453.458297
282.516377
383.779483
209.273783
995.684997
447.327755
232.122615
542.372991
367.476922
662.871241
880.547017
208.143179
652.509016
732.125488
510.081546
806.224377
968.958919
222.921317
526.132821
611.110095
6.985981
12.345428
509.221453
538.388634
460.662172
311.504722
493.346519
812.571049
48.585549
326.294971
231.912601
53.708398
583.274074
332.637801
362.620637
976.705074
559.688866
58.541836
263.302238
28.167996
519.320135
643.585485
877.192101
804.526362
727.185216
847.103944
717.651139
410.836245
940.444257
465.597415
190.309917
916.610860
581.505267
431.881932
169.291021
493.921994
267.424696
559.203984
437.043911
373.693042
303.862359
345.084668
751.056235
586.531227
236.840120
730.365281
962.917503
388.484298
881.164125
784.545034
603.213635
617.172189
951.690032
472.824116
242.775963
608.619044
407.858712
852.779350
152.576540
288.826228
848.446330
653.055366
29.439063
368.421169
62.768353
547.727848
983.343283
230.518936
888.837597
290.033533
925.006373
321.212906
758.984511
936.768910
458.277174
539.070801
591.707197
799.763841
689.111186
565.492136
211.528767
745.707835
400.974967
541.007967
174.917286
566.394966
133.322332
130.571484
699.753958
970.427763
202.334113
927.057989
333.381425
473.621072
864.166851
825.829968
674.853279
457.775573
858.167963
670.237304
591.435415
793.420759
677.500963
149.129420
407.553422
214.911536
759.581081
624.435740
747.796795
588.011934
758.981630
643.523453
843.115746
439.340474
115.525908
561.245593
597.836543
979.691162
951.556023
107.139531
861.750275
127.882632
945.255267
730.539800
171.081862
581.700049
383.157907
900.214812
448.656611
