102.719885
733.254678
134.929666
41.524079
700.720373
26.279946
67.754957
348.574165
108.765261
402.812638
626.189317
963.809834
851.252572
657.564737
409.245149
191.440539
452.900870
63.837174
724.862595
867.102415
282.112819
992.524257
604.613556
531.537652
781.407078
205.758683
348.623533
654.401557
285.299568
613.870091
406.262361
644.351742
300.453192
270.406538
295.617555
26.193671
550.158890
485.979516
746.692769
60.486674
910.025356
151.396665
516.831395
146.497474
241.456911
128.315025
737.507587
311.273484
552.839555
313.450751
624.037672
561.334484
158.091478
4.713488
574.727574
555.640179
917.840152
708.326939
831.562552
381.075656
679.317854
1.055415
976.565903
140.313154
238.446974
79.598871
485.657021
63.270468
340.214679
583.336394
824.520110
964.613684
604.277838
424.214479
219.270083
376.808840
172.845892
963.534387
674.865348
322.677282
32.359167
489.254528
728.918392
181.328980
531.896912
860.135682
921.930489
116.842136
410.056600
538.678986
838.926582
743.874411
370.797933
342.915179
612.367825
446.047711
96.398069
362.991857
704.733888
113.181602
