4587
5651
9565
9636
7178
666
1304
3557
2867
4874
1731
7258
757
4996
1367
5617
9931
6705
4990
9359
4151
770
1335
8318
2506
5766
317
1522
1626
8041
8539
3099
6877
5837
975
6787
9034
1115
11
6692
2646
7554
1553
9664
7916
5246
7441
594
6958
9614
2078
6494
4782
8637
9612
3754
8453
1781
7925
6629
8008
3290
1251
5190
2482
184
6506
2948
1989
3500
3901
3795
720
8092
5567
5400
8140
631
8138
8201
9897
6054
3460
3760
6498
8815
2369
1842
7287
7936
7338
6709
9131
6004
877
264
3060
5026
7411
1496
5641
5540
9433
6943
8909
8165
8645
2251
2561
9066
9617
677
6385
7373
8059
8463
2549
4395
1674
6910
9199
663
6812
5746
7563
4392
6318
6862
2277
8606
2034
2041
698
6228
5056
7196
4320
9329
4604
4010
9519
9056
2823
3354
3656
446
9643
3872
9001
4969
3465
9446
4444
2158
6182
2943
2313
9530
4880
1880
7747
9034
4756
8130
7989
6962
5510
6079
6907
3217
5772
2734
5017
5212
1598
1906
6915
1011
9049
8044
853
1387
7706
1145
925
2736
2182
3107
7919
3326
6179
7190
1974
8989
7554
6432
1143
8792
729
9752
7276
8049
8115
7279
2899
6195
7809
8413
151
3323
924
1363
5932
4922
6580
7551
791
2806
5746
3422
9953
962
7841
4184
2965
5159
6704
2355
2607
9273
1929
1740
275
9933
4953
8730
300
7518
4122
4059
2003
8984
8994
6519
2608
9144
7072
1312
9336
2408
4938
3982
4222
3359
2267
3992
2908
4310
9313
6368
8722
5945
4542
4517
9453
6916
5200
1129
7142
8358
1051
7683
8260
9753
9812
2310
7440
627
1126
4332
9607
713
1131
6299
5403
7288
1723
3583
8825
7638
7040
5714
1812
7949
4211
8246
568
8366
1481
1092
4188
6526
5752
5136
6533
4442
9973
6013
2512
3374
6807
322
5400
8728
4578
4071
1707
7263
8925
5800
7789
3542
3251
8894
2746
4049
1507
1860
2194
6211
6319
7327
1481
9323
2908
7205
611
6443
1668
3680
3908
5913
9115
9084
7675
4281
4577
6769
1367
7078
3532
4429
207
4685
1460
2548
9018
2496
8166
6893
8936
6210
6162
7646
4657
9904
8756
5798
7459
5381
4899
7272
8028
577
8251
2384
6812
3988
1322
9856
4235
3322
9896
8472
6875
3903
1149
9377
1515
2844
3892
8400
9188
2428
1930
9117
5766
8762
6760
2348
6092
7280
7568
3304
1261
8669
7823
7240
4166
2446
9734
3473
3786
9756
779
4747
5951
8906
1440
4775
1546
9522
9947
6533
4759
1095
1418
9911
6981
1109
8268
6867
3399
5159
8540
7128
2102
590
6842
2295
9434
3563
1787
1013
6926
6849
4239
3793
4819
7907
1806
2906
1068
5902
1283
7077
9166
3816
3220
83
5431
5044
5184
6192
6939
9203
6882
2080
8697
7178
9466
338
5317
8165
2551
8481
5222
3526
1708
2073
7797
4366
8601
4614
227
8595
678
3250
2046
8271
594
8422
3141
232
5024
220
6897
3352
9427
435
