3067
8252
6003
8953
519
2513
5107
7684
2752
4734
7294
7382
6649
8518
2445
6268
4681
9212
3650
5187
4200
6689
9019
305
5453
8018
9530
1678
2244
2353
268
9702
7563
1582
9942
1839
8352
730
3952
7460
3502
1732
293
9587
7338
3480
6820
6676
8651
4232
2980
9030
1603
368
3450
2012
8683
593
8441
2918
5862
4544
7536
5810
7053
3967
6194
7872
5809
2941
2655
4391
6498
2571
272
1850
3590
1352
1345
9185
424
4705
8554
677
3548
4724
7759
8759
2448
1487
816
5838
7515
8652
6919
9065
2350
3301
4413
9500
5637
8263
8277
2794
84
9420
3846
6107
9772
4141
7832
3185
6367
4108
617
9534
265
7791
9756
5932
1531
8813
3903
4842
342
2335
6748
7234
1847
5636
1746
8479
3688
865
1806
1230
7994
9811
2931
6129
6676
7537
9958
7088
147
6506
2019
6521
2293
6438
9003
6529
8754
2501
887
4956
7065
8987
1180
3351
1614
2458
6
6594
1823
3831
1087
1839
1680
541
4188
1612
1911
5524
1531
1802
7492
2749
8759
1906
2938
991
5101
7985
7805
8532
5947
376
8180
7103
9818
1616
4281
6722
824
9784
9775
4360
5307
5823
2359
6515
1834
8879
8210
1331
9058
9912
8277
2667
9920
9771
3531
1289
7421
749
9130
2247
5822
9833
3390
7794
6197
8925
9103
756
5149
4691
789
4762
7430
1757
7902
5931
6992
440
4267
9877
9539
9574
2874
6222
8811
8245
4118
343
2169
1123
587
925
7418
6456
7018
715
6120
1155
7466
9245
1470
6622
6601
7492
9976
9821
8610
3163
5398
3533
7969
3907
601
4038
8374
8580
3326
8129
3379
3406
5870
6480
3623
5820
7667
9024
4554
3832
7703
8564
5079
5806
4001
2215
6916
8240
2931
525
6371
4113
7512
346
4929
2161
9781
8234
6990
9506
5184
2350
3006
2560
6425
5596
4074
1179
2796
2297
7766
5681
1271
530
954
2247
497
9338
5702
2747
8759
5510
8092
2569
5247
5371
9523
6568
9677
2167
4851
1816
4270
4869
1456
8195
9703
3296
5634
8564
3616
9761
1658
9965
2666
2791
321
5826
6758
4002
215
4367
2151
9236
1034
4462
494
9846
9417
3679
6695
79
943
9443
6229
4914
5579
6117
4356
6368
8500
6869
4044
9405
6014
8198
6447
9492
7289
9834
3917
1057
8710
4458
1137
1963
613
4705
5102
583
5560
6723
5008
7206
7030
8588
4965
4179
4926
5353
8
8361
3186
7518
5755
4108
1745
9586
2530
2846
7665
3608
4174
2759
1238
6773
9222
6631
7515
6149
1647
9311
2531
7266
437
4112
4717
1104
2725
4598
3168
3789
7767
6860
4742
4226
1978
2880
3240
5136
1063
2903
6656
60
8090
5292
8870
1889
6396
6020
5799
8666
1810
5831
8936
1358
6964
6978
3950
3087
2143
7878
574
5121
266
5929
2344
6393
9849
7013
7436
70
4354
7193
5241
8370
7225
4264
859
5349
202
9197
7559
8748
2401
5331
5885
383
763
5819
9186
9842
7365
6666
9600
3582
5453
877
4668
153
7596
136
9549
3102
1292
4383
1894
4105
4841
4445
9851
1014
6354
1702
8895
1696
7752
1297
5471
9706
3214
815
244
2840
9092
6580
8537
9592
2351
9033
99
3644
2993
1027
871
1098
2878
1804
9195
5993
3226
4575
8706
3819
8129
5806
7706
2602
5552
9591
692
5933
1207
8197
4380
8487
5848
5760
2919
5431
3677
1792
7009
1230
4143
8670
755
211
4634
473
3820
7898
4422
9665
9714
5097
9645
7252
3028
7248
4252
2002
832
9801
5060
7309
9184
7628
347
908
6940
3973
3924
8673
1114
8694
3358
5793
1731
1540
4023
5333
7267
8196
1336
9588
3215
6230
9104
7781
4771
4547
6072
2671
6462
5572
7674
9889
5404
8312
5384
5929
3984
4807
5308
8846
735
8402
9385
3103
46
9340
8926
5429
2213
5238
8503
5304
8429
950
7125
4881
453
3853
565
8271
9520
3580
9886
1628
1141
4473
7177
7471
5250
6977
1033
3720
8532
4131
5323
4090
4475
942
6305
6441
5066
5974
6280
494
8269
2478
1556
7068
1171
9179
531
2476
6121
1369
7107
6608
788
6108
7783
9507
1832
6160
7520
9274
3377
7756
7964
5470
3849
1820
2833
4875
6828
7079
2495
157
642
7887
9347
3761
7529
726
5771
4095
4118
8223
2152
9314
5466
1260
4075
7866
1317
6557
6467
8249
781
8273
1001
7706
6959
6126
1310
6530
3389
9388
2089
4779
1108
8305
4204
5048
1703
2579
19
3230
3388
5702
258
9690
7531
4326
4536
6782
410
4980
5873
8285
9854
9072
1563
8626
3807
1537
1053
6832
9226
7533
2546
1506
4971
1393
6365
5596
4765
7698
1154
6635
7307
663
361
4269
9770
854
952
2348
5180
2154
6343
9130
3693
4226
5177
3823
870
6656
9106
126
209
4483
4140
5744
5227
8270
158
844
8417
8916
9629
828
6365
3760
3078
3587
5446
2364
3416
2099
1251
3590
9890
6777
948
9129
2486
210
4789
8379
5867
7721
5895
8705
9507
4050
1967
4586
8793
5805
2855
1989
3616
7799
4676
6528
2343
1733
6180
6385
3550
7662
4283
3826
4201
776
3353
7987
4251
6161
2126
7065
4097
9545
4834
6935
6127
6374
1452
397
3873
6992
4541
3154
1023
592
6935
5096
5068
3103
7080
8385
4506
9036
6551
5277
773
5198
4943
4249
6077
4663
6296
8126
7477
298
5356
4510
4202
7166
5636
6442
7763
6740
1014
4897
9218
2438
4145
8627
7234
2778
2211
9730
2766
614
9476
2107
2602
8991
408
6985
1372
6716
3614
9385
6389
2960
6589
6148
5079
6013
2693
615
5829
7598
1370
9853
755
686
2564
7186
2562
4441
7905
5003
5091
3110
6232
1667
5449
8600
6683
8565
9888
7226
6748
7286
349
3426
2188
6370
5507
8002
7777
9926
5071
8996
5723
3253
7679
6313
246
7076
3807
7980
5441
6413
8745
1532
4421
4586
8839
1455
1209
490
3387
8563
2412
1921
4114
537
1218
4901
5825
1791
9239
8837
4520
2759
7858
6373
1111
8546
4528
7615
3707
3741
43
9008
1258
5798
9205
8734
3276
8824
6469
7393
2361
8382
3729
1303
8703
6015
6609
755
8457
9524
970
2163
7945
2678
8506
331
6219
7273
2411
7396
2620
6496
3224
988
4617
95
3482
9507
5415
8111
4702
6121
6031
2103
5101
5957
468
5374
2261
9067
1051
9206
1398
9670
2033
1785
7225
7699
2205
7237
4971
2579
7251
645
1598
4288
434
5110
5725
9616
3419
4713
2405
8931
6303
4100
9188
3840
8375
541
905
3646
2623
7708
3424
6534
1877
8717
4497
2852
1248
9925
3474
4056
5444
5296
4842
7502
1528
1842
7463
2485
1051
4434
1651
7587
6364
8461
6999
4116
5707
7238
6226
8415
3332
105
1897
5660
7077
696
1744
4231
7327
3005
1366
9772
8060
1228
12
3798
1494
3807
6832
1101
779
5965
9413
7846
4148
8462
2662
8332
6422
3883
6822
2462
1512
9878
6175
1312
3710
8152
139
7771
3251
2198
9419
7567
194
1147
4874
6787
8833
9084
9616
7640
4256
8135
1670
3216
2306
2756
1255
9478
4114
7903
9747
3682
4483
9711
6145
8750
2002
2562
3490
3051
8776
4030
3622
91
3430
7571
2457
7463
7645
9369
9953
404
3705
2370
4281
7252
6814
1040
8884
3718
2222
8530
5272
3853
4479
65
3975
417
736
7692
3136
2739
4201
5267
2936
6977
9639
8958
2676
8230
332
721
727
9724
1273
8142
4862
5117
5514
1119
4421
3142
1587
5012
7235
3538
2003
2124
7984
5806
4295
3559
5934
5905
840
3614
8140
2185
2783
7646
3005
106
762
6681
581
4728
4114
178
7
8348
5103
8893
3680
1771
4272
9261
635
8397
156
1525
1689
7660
2897
4896
5119
919
3621
9100
2289
4460
4961
7127
3874
2122
9345
7044
3966
3322
4126
5896
8197
3697
159
6715
7158
5765
4283
8409
4946
4930
8936
7218
3595
8444
1766
9594
1970
6418
2666
3915
3905
6731
7677
1958
7747
7669
3174
9971
8078
6459
8551
5082
1152
2008
1178
8341
2974
878
9262
3862
8699
1323
8286
2404
8819
3470
4778
3589
4843
522
71
8617
7424
1451
1935
3152
993
617
63
3432
6992
9850
3048
7489
6717
5041
711
3170
5636
9888
5741
2821
3159
1866
8772
1406
1062
3358
4100
9238
4349
57
6061
420
9771
3166
8420
2620
4826
2011
6250
3240
3845
3006
3301
7740
9698
383
4136
8162
1213
5623
939
579
3792
6662
5259
5324
5941
2568
2617
5820
9501
4245
8397
9774
5574
5798
839
4058
2602
4703
7269
2951
7164
3496
4792
1208
4415
1731
4936
249
7400
3036
3614
2553
7550
3957
114
4640
1142
566
5583
9847
2733
2600
4213
3537
9975
6944
2176
1025
7468
8192
7482
2513
5400
6164
6478
3347
5788
6569
339
9783
6357
2187
2203
2462
8008
7006
4262
7731
4465
8464
4919
9173
5810
3756
3665
5614
747
7148
3488
3493
1897
4035
4139
3394
435
8923
322
8785
7881
7342
8787
1577
4661
5375
7496
8245
1015
5862
3786
7851
4067
4924
1226
8667
2188
66
8146
6038
401
5855
7444
4919
6735
3841
8444
5693
7655
9563
4185
4707
3963
9072
720
9604
2377
632
5946
747
7674
4490
9903
1030
1550
7283
9862
6473
5267
9885
4778
415
6651
4625
7100
5907
2979
6708
4188
5638
2129
6040
3692
6808
5106
9223
7482
8612
5983
71
6196
7782
312
2839
618
3305
1076
9893
1082
130
3403
4312
3908
4630
9953
3119
1354
1045
4598
699
6801
2396
4229
518
8486
3633
8901
9112
8830
6032
2470
1132
7469
9262
8817
7745
3658
322
9669
4852
9436
4267
4047
3832
6763
8071
7934
6631
8941
5739
6883
7533
7754
7954
6810
5768
2624
8255
4319
7432
2592
8102
1153
73
9113
2402
2806
9196
41
6225
957
6875
5158
9066
4235
9276
8061
3974
9042
6701
2951
4915
5270
2549
4709
7216
8742
9914
9690
8952
6104
2679
8755
4027
9932
1934
9649
8231
2803
8048
994
6990
3625
9293
2892
9296
5776
7000
7581
6751
3545
5087
5519
8040
7143
6605
2774
6766
9030
6555
5025
1166
4093
3141
3821
5816
5850
7034
9611
8874
7114
3160
8699
2524
2062
8930
5867
2959
3410
5154
2420
5429
3786
3804
1390
4872
3424
513
6493
2147
4094
1810
1403
2013
2071
8622
3898
1215
764
5625
2003
4492
2509
8511
514
5516
4477
9543
4856
7090
3250
3446
6923
8599
1025
5006
2571
2554
3363
1044
8321
8456
8704
8882
5736
8673
2752
6171
2881
3791
8698
8951
4296
247
8415
5439
3670
1929
3974
3089
6585
1300
1604
1425
6829
4199
3243
7750
2383
7679
8973
7446
9749
9818
6815
7050
9681
5104
8981
6230
1836
1527
1277
5168
5984
7367
6799
1703
434
5406
1954
4755
5997
2930
9845
9132
3175
1804
4846
9984
377
4772
7481
3358
4000
6558
7662
2013
4182
3259
9206
5916
8096
6968
4525
8264
3639
1213
9392
1941
9799
2863
4847
4239
8369
6097
41
511
7696
376
1621
2554
7328
5523
7048
703
2624
9918
4273
8100
9816
9383
3781
519
3310
7921
3914
8077
9241
7823
1379
1387
7333
6689
8933
9685
4166
7622
4729
8563
3110
8276
5856
2372
2449
145
515
1358
6057
6664
2800
6485
1031
9703
7155
4635
4687
1147
5010
3355
571
5711
4578
5054
9227
7648
1517
3957
3943
8914
930
5814
2699
3127
1906
2332
9092
8689
6055
8374
8716
4322
1379
4652
8916
6711
5394
3872
4870
7282
222
6041
9989
5010
7978
9871
8979
5293
5054
1703
8047
7768
3732
6773
5174
9927
5514
2777
634
5091
582
3986
2584
1443
1843
9317
2710
7120
81
383
3104
4872
4869
2125
3151
9913
1512
9972
7791
7361
5627
1249
9330
5832
442
7464
4489
2449
9552
352
2437
7783
8505
6384
4519
9858
1683
3339
8826
2010
4437
9247
4942
4314
7215
331
7423
4127
5602
5269
6620
838
6035
7178
7416
4436
4296
4610
1006
5708
9947
9000
7523
9531
9348
3644
1434
8077
2326
7483
6099
6394
1059
2710
7010
2825
9793
6885
6781
1989
4857
6959
9478
5847
9793
7760
1165
8688
733
5323
7172
2423
9064
5775
4263
8674
2526
3293
791
8142
3784
3928
7875
7150
5973
3362
6577
2275
848
1813
6835
1983
9483
4880
5313
2406
4059
7948
3686
9079
1487
9032
7429
2670
5679
8885
762
7062
6481
9863
9197
6076
354
3709
9966
4243
6269
1391
8157
4875
2351
123
1559
4499
8533
219
8448
9919
3547
4080
8937
5415
3203
9713
7070
9981
2102
8808
960
9468
3460
9328
2088
1090
4820
1461
3689
3498
798
516
3681
9678
7471
5594
4507
1719
195
1131
338
1119
2349
4506
2443
1083
2337
5439
5241
4590
2829
3925
2880
9581
3352
5024
8270
467
143
1247
8366
3077
7632
16
9334
7671
3455
9185
2579
2025
766
6768
1381
8066
6184
7125
6584
864
6830
7064
757
644
6546
5432
3802
7001
7490
6220
1400
7219
6318
2279
4971
8091
189
1868
5066
1246
7187
1894
6119
613
4283
5095
3110
7500
7207
1430
5463
9715
3729
973
514
845
861
5200
2782
4948
5075
3506
2417
4255
2366
9070
9711
2527
96
4592
1960
9537
5150
5635
6983
5985
6009
904
857
6229
8880
9205
5759
6146
5374
7306
7297
2898
4545
3471
6982
9437
6927
3125
9264
7931
450
4615
3680
3879
6273
8827
4989
8654
4780
1191
8765
6911
5860
2062
1422
1429
9855
3363
8089
3964
6529
5641
1707
7601
8989
8063
8263
750
2653
8710
9180
1050
4313
2582
4039
3008
6404
5863
9907
3417
512
2166
1138
7784
6012
5857
9161
7387
296
8225
7364
7180
129
1722
1514
965
8983
9291
8044
2747
8898
2968
2488
3781
7135
4409
6950
7482
7621
5672
2365
7474
686
6572
6663
6804
3294
8084
4550
3763
1934
2828
8786
7484
6084
7045
8141
920
7228
8384
4972
709
5954
2096
5441
7554
858
749
9179
5807
1208
2588
3140
2400
3366
9283
5316
7439
9658
1811
1170
8791
8377
2144
6765
5655
3199
4197
2207
8716
548
151
4133
1631
828
7544
5878
6404
4885
173
6484
4974
1451
1287
8161
9850
3138
4813
5166
2563
6785
4780
6705
857
7
9748
6957
7926
8108
4116
742
2756
6013
4552
3882
2288
1721
4683
3118
2355
255
5469
4415
1550
9214
1194
8184
9948
8279
3978
7092
1034
4236
7141
6686
1811
99
7214
3781
3504
3833
2148
3824
451
6911
8790
1612
3950
6754
6229
41
6220
3325
1290
5759
8125
5488
3014
4623
3776
7777
9615
1823
8517
5850
406
4459
6103
2268
4902
235
2401
7168
5040
6540
9971
9690
1822
8578
8139
1168
4857
1245
9808
2210
3887
1163
7458
4592
9410
198
2790
3114
2922
478
6406
2549
1353
1586
6827
9880
9818
5337
5204
318
7291
9325
272
449
7154
4768
149
1871
4592
7168
9209
6777
2769
5542
2912
5161
253
8978
3236
5105
9321
3483
6157
1254
8222
6912
9667
2563
7660
1305
9586
6714
7291
3651
8658
6248
9979
8073
8287
6757
9988
6324
9934
4206
9414
4214
513
5484
2384
1712
9754
8621
8689
7062
5835
8644
7604
6111
1832
7985
113
2477
6624
5300
4483
1764
6989
951
8219
1468
386
9878
2686
1750
2490
6016
3437
9249
2750
7930
1891
142
751
1103
4916
954
557
9850
9327
4925
197
3592
5799
395
7278
6088
5268
11
172
1720
4408
4854
4214
7700
7229
8067
2925
7218
4754
5619
4716
4730
7941
8569
7638
8650
659
6425
1295
3916
1600
3894
1399
2676
4098
1443
4126
9670
7763
2451
7314
6725
4965
5395
2420
4308
546
3642
8257
3424
7769
1376
7021
5439
652
375
109
6478
1769
8802
7032
5694
772
4415
8476
3165
2728
4551
9298
4877
164
4933
4092
9044
2069
4267
5341
230
8633
4262
82
9732
3116
7196
234
9314
7708
1182
1207
5425
5717
2647
2899
701
857
5755
1737
5979
8833
2784
5716
4120
4045
83
4107
786
1717
864
6400
7517
3817
1931
7710
9239
3899
554
8735
6928
1812
2617
4661
646
5470
9843
1560
3445
8897
1871
4218
1101
1994
3673
6364
1001
1240
7692
4076
8721
9609
7322
6707
4057
6379
5901
5909
8373
5682
9780
7992
9056
9841
2581
9943
4701
7839
4309
9097
4269
2902
5408
3731
8131
2571
9030
7917
4205
4535
5749
6486
7953
6270
8288
4633
1296
5806
7347
3500
2554
3457
3107
7806
8940
9833
1625
4320
373
5630
7466
2881
4986
3901
3621
1342
4510
889
7126
9046
2129
1029
2816
5160
5157
5391
8695
7458
6840
8956
4735
7426
1269
3013
9601
1102
4395
5053
9380
2875
2840
9708
2693
9772
3638
6946
2708
7918
7149
9568
592
2190
6181
6438
14
336
4240
2862
430
79
3122
7677
7270
3374
628
3740
2541
7721
5597
2427
425
964
5907
1365
9433
5191
2889
7109
2438
8715
279
1842
7080
1286
2386
6720
3392
8558
9811
2507
9609
6638
4868
4348
6805
5829
5854
2647
189
1599
9617
5288
1656
8179
4302
2133
3570
5199
7156
2862
2939
2601
9848
9513
5500
3461
3969
1058
1802
5140
342
6723
9308
8829
3646
8483
9154
4346
98
9085
2889
9674
1682
1312
7740
7806
1806
4966
9237
3165
6509
2645
4960
5823
9147
5955
4069
7794
9157
4022
8817
4083
9366
1372
4319
9723
4302
2295
5572
927
6143
3272
3096
8196
3500
1582
9951
2748
6878
8480
6380
260
884
3142
9475
42
409
5599
9886
778
580
5453
2682
7724
1347
9537
1597
1730
2390
691
7834
8857
5709
2023
7704
5455
1757
4632
2811
8982
4949
2659
9517
281
5514
2195
6329
7261
6784
9317
5213
3060
54
7241
8997
8229
2654
4021
2321
1397
4544
809
7808
5225
763
3245
3748
6499
2443
6112
2905
6364
2461
7721
7168
9868
1956
9765
9079
7199
6566
7712
8722
381
981
8542
7032
4369
7932
3388
2024
2689
4804
6751
275
783
1591
8526
3642
5669
9732
7256
7409
8711
814
6242
3618
1563
2177
4772
4371
1740
9426
7370
1319
8129
7603
7876
3182
2619
6431
8230
2532
1693
6096
2545
6045
8847
5372
310
1391
7383
8693
7819
2523
5934
5965
8083
5517
1779
101
2633
7191
1180
9399
2327
2135
9755
9564
8
6083
3935
4950
4270
8503
9415
9199
9621
688
4905
1642
5426
4975
5001
6718
6674
6093
9593
1862
710
8103
5559
362
6449
3309
496
658
5895
2594
7188
949
5247
8854
8625
6412
6116
714
6562
2266
9378
1527
2235
1511
9126
1663
8606
7926
7841
5285
8380
2270
6728
4530
5089
9540
8623
6881
2314
6856
4333
9723
413
9287
2087
6014
864
3732
6038
3484
9600
3089
5691
2780
769
6189
1037
1059
827
6314
4610
71
9795
7109
5552
3028
1597
8674
2173
9078
6022
1047
8041
9086
9397
6169
2408
1894
4013
4146
9264
294
5724
7776
129
1162
7148
8884
3199
4018
1010
4509
3466
8095
2889
7607
6582
2460
9516
7334
4003
1513
3085
1978
8819
7697
4708
1434
2274
9443
7020
9235
7865
7794
6000
4558
6247
8089
1133
5897
4916
859
9207
8253
889
2925
2456
5182
7143
3395
3875
4022
2313
4216
2133
8459
31
284
9782
732
8445
9136
5223
9252
6369
7657
4052
9900
9910
2565
1811
6403
4565
3638
8751
3332
781
3984
8184
9719
1433
3224
9219
9662
4857
4413
581
9685
4634
906
9995
1910
7752
5363
9457
5358
4266
3438
1519
8467
206
9829
1973
3970
541
7420
6634
6891
1924
9250
4012
1695
8388
5109
2749
2771
4133
7843
7831
5599
6070
885
1614
3566
6749
4639
6000
2379
4351
1712
5972
4412
7597
1384
4344
2887
9565
5698
798
2300
8766
7139
6126
9515
5802
4458
6642
7616
659
6411
6937
2922
5476
4822
4410
2656
5825
5844
2899
603
2951
3664
5797
9578
2018
9081
8933
8504
9186
7971
6676
4067
534
2911
913
1050
4568
6016
1470
3859
1656
6222
5176
7956
4092
7452
6625
925
13
6740
5409
41
363
6605
554
2700
2689
5933
442
1416
2135
804
9977
9267
7676
8097
5047
8455
1299
9761
3678
4118
686
8071
7169
9252
6937
3044
2490
4813
3372
8978
7836
9237
859
765
8976
2595
8541
6042
4978
5892
8862
6407
3554
4320
6130
2439
3137
9260
8035
6887
1622
4124
3464
2333
8626
7936
6595
8359
8069
5116
32
1231
88
1843
3222
3016
5858
7329
409
9105
1602
9856
4639
4907
9398
6462
151
3913
8540
825
3788
5145
3009
9029
6205
6147
1844
6006
9122
3633
4011
2573
540
5665
8649
7314
8837
2827
8447
2398
3227
4418
6844
1592
9537
2906
3185
3398
7123
6686
144
8010
398
8158
4957
788
4265
3639
7194
3289
9509
3020
888
8200
5149
9344
4208
8980
8092
1119
1000
892
3028
3061
6813
9508
6254
8234
3509
9415
9346
6399
6772
9442
1716
239
342
2418
19
591
9996
8594
676
1555
7913
6240
383
8701
6587
7802
4452
4955
3194
4503
8342
2520
9442
5047
715
2361
7765
8815
9996
4044
5556
1759
9182
3903
781
2655
1413
2825
5347
4868
536
5597
7495
3819
3801
1887
434
4749
8994
1660
7350
5658
2450
1110
5815
4774
6883
5654
2860
7119
8211
6298
2480
8566
1270
5409
5551
8406
3747
8416
3198
7157
8419
4157
5884
5210
8035
3833
3828
8040
2358
4996
2641
7809
4057
5342
6176
6323
2231
7321
6419
1766
5864
6164
9221
72
5554
5530
3664
7615
3850
5223
7260
7442
8165
7155
9484
3925
2344
9308
7818
8250
2037
898
2625
7025
8141
8574
9989
9492
5156
5514
3899
6783
8369
7479
5116
4943
6306
359
9117
7787
1938
9839
9508
213
2609
7716
5306
4201
2654
9123
6184
7540
5677
7563
5634
9486
9414
3835
7866
8256
7749
7293
9913
6243
4770
4203
8447
9479
2284
6052
4161
4900
5956
3752
9829
3204
2522
8491
1541
8302
6579
1618
7775
4261
8172
5523
5883
891
6435
9739
5411
4987
8742
4410
590
8366
2020
5389
9527
7290
1632
2450
9273
4203
4238
8399
9642
6982
2958
414
1313
2211
4094
5969
4592
6744
2642
7498
9006
796
8201
8027
4352
5783
9832
7707
2505
2782
2327
5211
3914
5693
7871
6961
2720
1817
784
8721
7309
247
2373
437
7634
8067
5493
7033
7971
3969
6363
1192
4201
9119
6494
4528
3442
2301
9560
1027
8433
1000
7325
1540
1903
7618
7557
534
2197
5569
9184
8770
1241
10000
14
7148
4415
1483
667
5547
2147
6552
864
2222
165
6590
4574
6172
156
1842
3983
2512
3386
273
2436
6405
4011
3647
9656
7028
1512
4154
3026
9416
4247
5702
7370
4517
4336
5682
3857
4847
4953
9941
7678
6538
4068
7526
3231
6443
2629
166
6799
1003
8287
8969
500
8462
8111
7001
1588
7895
2868
3276
4950
9398
6843
2949
7241
4035
306
2425
6209
1325
3009
9851
9028
5699
4560
6803
8904
2463
4045
5695
4535
3227
9062
4020
4042
1622
4460
6790
3914
9626
3118
136
1224
8065
3825
4509
3223
3161
2875
2293
7973
8074
3529
8194
3541
2324
7032
3960
3640
4169
3042
404
9172
4992
8143
5525
7560
2734
5500
8879
4316
4596
8618
2174
8105
289
6830
8579
9218
8366
7766
9478
905
9304
7830
1904
9449
1260
1224
9192
1985
6101
6178
5942
6954
2553
298
2707
5740
9720
6266
359
7069
4083
4926
1919
1629
4413
2126
9098
9657
8612
501
21
6623
1552
1765
7184
3296
1181
5421
5259
3924
6089
9109
5154
5879
4930
5974
5729
9484
235
4985
5711
4335
1875
7925
9256
7778
856
8676
6675
3813
3932
5537
3685
895
1498
8257
3058
5025
7749
6665
7754
5867
4568
8684
3935
7797
2443
3580
6801
40
2991
4877
6933
9614
5499
7687
2301
6504
3028
3769
8308
810
4821
3339
7029
3501
1633
3100
8433
3271
5976
9099
2641
3706
3573
6836
8050
4066
2377
3306
5009
9020
6440
1340
1249
9116
4240
4249
4607
9605
4035
9654
1729
8772
690
6462
2060
2519
6257
7488
6361
7579
9208
3358
9613
1611
3791
8498
3281
3984
6488
812
6089
7912
7494
8910
9239
4599
7731
1353
1050
8536
1864
3281
5621
499
2919
1046
6891
9199
2646
1723
3443
9028
8294
8447
1717
3825
6177
3203
4929
6641
9145
7982
681
8559
7272
4721
4278
5017
4645
5705
2314
4564
3855
855
9913
7598
8680
6030
7115
742
2286
3065
9430
3789
5482
8586
8995
4003
3852
7263
8678
1778
2827
4650
8348
8467
4272
1305
5831
2660
9183
2762
6618
6040
5641
5375
1749
9331
4040
4327
6283
3160
9363
2799
2412
8873
2859
1242
3590
3514
5863
4414
5208
6260
9181
4796
1710
7250
1916
7572
7843
2068
5853
1390
3890
3920
4623
7067
8585
9147
8436
7347
2662
3161
5527
9431
4989
9709
5918
3449
289
981
5049
6673
4729
484
5758
7984
6317
1226
6143
7289
5972
2393
2791
4124
7465
4721
3906
3788
5988
8819
9004
7117
534
1930
3953
4353
9135
3523
3342
7706
2424
8044
7783
6949
3098
9030
2385
3806
3807
2583
7423
7493
8481
5467
4115
4762
6361
8308
1752
8461
7314
3125
1545
6386
5849
408
4632
3137
2959
3976
5242
4902
1258
4387
6467
813
1688
8842
8305
344
8637
6715
5031
4439
3880
6942
8160
4217
3657
6061
7033
7481
9435
8102
1696
2986
2965
2876
6824
3106
6874
7693
6917
508
2974
3147
9332
1520
9494
787
6504
6900
1365
861
171
5630
3171
588
5642
4156
5501
6933
9304
975
7171
8262
1457
4945
5803
1218
7852
4277
7273
2455
8413
60
9261
8637
7879
5042
7865
9277
444
9274
4173
2511
3183
3546
5093
7363
9927
2833
4890
6796
6131
9293
5284
5606
8289
8056
5653
8620
7787
9750
3998
3279
3568
442
8805
5466
3241
881
4835
2751
3887
4425
1701
9469
4481
5985
3986
8957
6209
8966
4839
3109
5315
573
3804
5358
4071
8768
349
5902
6222
4520
2309
5861
4814
2636
4630
6739
4877
6650
4110
6396
1326
7637
4166
1025
6352
4321
8016
2247
427
3069
7945
4915
7755
621
5675
8593
6430
813
1754
103
2432
8189
3062
7332
5259
1953
2619
4630
876
1600
5100
817
5639
8928
9685
2579
6584
5990
3659
4915
6510
9104
1175
2412
4949
5272
6360
164
6468
6704
6344
471
3601
3261
4445
5993
9677
1072
8814
7078
811
1612
7071
3597
7111
5018
8682
3950
607
2962
2646
9335
6377
8822
6338
4079
2922
2913
8155
3529
5716
653
2745
1266
9815
2630
6764
1774
4539
8776
1505
6710
8255
392
8283
443
3637
850
5086
4697
6101
710
4978
9097
4527
144
3496
3286
5615
8783
8992
8587
2638
1559
7286
8376
3511
1606
2426
5605
3002
659
3483
2607
1716
6705
144
1476
138
6514
3770
4625
5609
5217
1162
744
3815
1663
106
2239
2612
2647
9594
563
5923
2031
915
4620
9016
8640
1795
991
3811
5652
6050
1026
3198
8535
2606
407
6019
3231
1876
9739
5457
5741
363
6187
9447
9695
1943
5839
3973
9893
2590
6337
957
8946
9132
3002
6497
5630
5920
3269
2149
2349
4968
8400
4218
7339
3643
8771
1001
1359
3111
347
2306
9406
540
4379
6897
3119
6932
2202
377
9576
1611
5965
7108
2409
7807
4678
7992
1840
2331
5603
2696
5536
4171
9586
1524
2826
5559
6111
5872
6024
5841
376
8487
1341
8363
3517
315
274
2966
1586
2978
7210
1949
7051
9809
2112
3794
9485
8490
115
121
3744
8234
9530
8814
4701
8512
6388
9612
4700
7816
4119
3871
850
5875
4251
2650
174
2248
5706
8769
9499
779
9559
5624
8387
5726
4440
2812
6925
2869
5934
4070
7485
2547
9331
3418
2859
6067
9961
857
7295
3927
4443
1403
9571
5623
6854
7086
111
5312
1099
4020
3091
152
7913
2159
2277
5001
6826
4895
6185
2151
6689
9427
6542
3951
5943
2732
8355
7894
1225
763
6228
2914
6582
4514
6994
5761
1879
1179
3496
9893
3320
385
4411
1478
9821
8695
482
5218
870
9186
8861
247
7490
4490
8612
5818
126
4492
1546
7312
1387
3645
8059
3400
4713
5577
7759
2186
4545
4557
2749
1130
5360
9608
4332
6844
6482
2554
5043
1997
6437
9671
8083
4910
8568
7027
1752
5555
9001
3281
8608
3391
5177
4756
586
3313
8683
4110
7390
264
9288
9085
6593
5110
7692
7746
1047
7115
8788
2070
7073
9520
4691
8553
1009
489
6620
3369
8223
9758
1885
4016
2631
6624
2040
7227
3536
214
4530
2435
5548
9110
6381
7669
2022
142
4285
3396
784
9031
7338
7781
8607
635
1331
8949
2053
8159
2213
8505
1993
1031
7109
9422
3645
8632
3876
1481
33
2350
359
8595
3168
5088
6310
9466
3816
2353
2736
7129
6090
574
9531
8603
4135
5534
4331
2944
5456
2170
4445
507
2994
8605
9227
2628
2091
1101
9565
6969
4241
2176
790
9266
6650
2254
4312
8252
8889
6125
4240
4851
1559
2815
1566
4267
7645
2202
5644
2646
1116
7066
9273
227
3745
3701
2048
9945
4965
8013
296
281
7999
2251
9396
3549
307
3982
4447
9439
364
3275
7857
6805
523
6685
8110
9231
8521
1132
762
5079
5191
3388
3511
926
1355
1056
2226
7287
4769
1254
1925
12
3671
4446
8379
2434
2774
5252
4426
4548
8253
6970
3672
7685
3391
9603
3088
431
1581
9303
2604
9591
2791
4610
4945
603
99
8013
178
272
7313
3275
1491
6053
2433
9503
2709
4969
5747
8792
8964
4742
16
8705
1179
4509
2098
4582
7905
2565
612
1825
6662
7751
8379
6924
2495
2139
3281
4087
3450
1152
5843
1343
3408
4217
4820
8231
9611
1906
6368
2821
6257
1628
7911
6083
698
2248
7936
5631
3630
1969
3659
6226
9877
6457
4020
8511
9131
7680
2808
8409
8997
3584
993
2595
3307
897
2664
2703
1320
7725
1923
5937
4979
3461
5094
58
2999
7910
2035
3266
3086
7932
4639
8943
5325
