8575
5334
3275
3311
5216
7642
7268
3081
7666
8733
1619
2784
9737
8887
8397
644
1546
8735
6764
731
4640
8750
9015
6888
1015
9474
3983
980
4689
9453
5757
4684
3552
6135
601
708
8816
2349
3747
506
5224
8594
708
2126
3775
6663
2627
795
6548
9858
1341
9794
8880
2785
7369
8196
8931
90
7055
3021
7284
707
9922
9752
4860
2306
6063
8796
679
2886
3315
1308
1382
3888
2312
8942
1274
6958
7693
7030
734
9940
1966
1132
6675
55
7254
3722
8886
1257
7884
2774
7287
5233
3747
9721
2177
3337
7064
9359
9520
3418
4045
100
2796
6614
3281
1568
253
7168
5559
3346
8618
1191
9247
6902
2530
3177
1691
4950
5325
7831
5714
5092
6278
864
6245
7412
8926
5325
9244
9515
5377
8772
3406
6586
3962
4585
6126
6146
332
7779
8065
9983
6663
4293
8079
3123
464
9107
1161
5809
4245
9673
3059
1080
5106
3354
7961
4947
8840
8679
5814
7249
4460
7639
6965
2742
6385
5249
6079
6927
5793
7585
1549
5486
9841
9125
5633
2512
8111
208
3474
6598
2829
4735
9783
623
9201
9083
7881
9870
7074
4270
3945
7485
9050
5471
4196
6854
3492
5171
5438
9959
5653
8229
6243
8239
2180
6332
2077
4563
8399
2518
1510
7237
8000
9916
8195
2556
4887
1799
2762
4775
8882
2760
2814
4068
9011
6735
6897
7485
4903
9580
3301
7546
9216
9920
5254
8412
3024
3505
6885
695
1829
9556
6595
5882
4416
5225
3570
4405
1382
1798
6688
9329
2125
5068
3121
6879
7059
6277
8110
5002
803
2584
3840
9675
2068
2744
6382
9077
6960
9580
7441
7109
2979
3906
858
833
656
6981
8559
8027
4875
3884
2009
3342
2230
6336
7884
8848
5641
9078
5973
7373
1159
2221
9914
5522
2970
5969
7253
6984
4986
5780
818
9251
2886
6669
8917
2273
1730
6366
9758
2616
9585
6490
1454
4574
2233
7956
9688
9478
8433
1233
5622
9457
858
9358
2540
4721
229
5025
4663
8983
8532
2171
6881
8992
2122
6325
6760
69
6219
6077
308
3654
1570
2651
8460
974
4982
2124
4586
9080
725
3161
2396
6403
7794
5111
2810
5245
8045
2892
5845
4155
5013
6691
4573
459
4618
2846
2822
395
4131
5113
1585
5475
7374
3033
181
9626
6102
2900
437
8487
6281
6605
8948
2077
4269
4809
3342
4181
8313
8189
8766
7701
836
5254
2652
3383
7804
4222
7356
3976
7235
5874
9969
3334
2983
7185
659
3570
7981
6703
7508
6478
6618
8607
1805
9622
5993
3136
8754
5039
9727
796
3286
6243
4190
3547
9344
9860
6365
809
9628
5118
5250
4679
5152
2779
6671
1394
7310
4582
392
2583
9748
9889
702
5221
5818
2424
4942
424
8660
9373
2947
6268
1158
4448
2503
6002
335
5801
5947
8218
8830
6837
6338
570
3979
7622
5507
3794
9139
5449
5691
2139
610
1303
2279
6752
4314
6807
4676
1189
2419
4525
7698
4052
1124
8044
7796
5342
9931
6172
8091
3984
9349
8833
5955
6698
3902
9383
5490
7957
4964
2307
4134
6068
9981
3924
9858
5942
2356
2261
2044
8478
7681
2867
460
4050
3608
3050
2730
145
8541
2505
8417
3394
4386
8245
8342
1192
1990
2829
5210
6426
828
7210
5765
2656
6688
3593
7717
9712
33
56
8923
9975
145
8050
2598
8714
7559
8731
3677
1555
8949
2523
6803
6946
7344
6193
5719
9489
2109
3911
1922
9906
8890
9580
6035
4993
936
9261
1012
6047
175
9705
291
9401
5696
4806
1293
8020
8837
2873
7395
6813
7849
3179
1392
7412
1068
2254
8264
2578
9972
310
1029
1013
2199
4218
2521
7179
2133
3645
4114
3610
2136
6756
938
2270
4715
4386
8605
301
8988
7507
3599
6645
7568
2882
3764
872
9237
8788
3522
7301
7151
1689
5253
8138
4571
7535
6125
8090
7275
2219
7364
3196
77
1303
2766
7681
1103
8411
5696
7949
7304
809
7666
9329
4043
7982
1890
3826
9
2783
2629
68
3600
3978
4324
6185
7912
2094
5309
8878
8418
6494
1991
7648
3667
8848
7409
7828
4845
2770
4751
5469
2854
2032
9724
5883
2453
1344
467
2950
5540
5672
3645
501
7732
9668
965
8590
2249
2154
8468
1549
788
9834
4872
8918
3374
5355
837
5202
5420
9592
1603
314
4091
1182
7205
8997
9603
7659
6020
4048
5899
8550
5208
4677
7090
5537
188
3290
7840
1085
5724
4602
2883
8796
410
7387
312
7505
4810
2732
7063
7173
2624
7039
9792
7867
2992
9960
8747
9921
4902
6134
4972
463
7461
5687
6920
8234
2093
9524
4960
2270
6525
800
7810
6591
6260
7070
5552
4059
9104
1925
8485
2403
1491
400
7961
7726
9334
6673
3571
1990
8277
8338
7564
4594
7619
1968
3188
8802
5757
4914
7686
9706
4856
1380
1099
8323
2114
2168
7393
1314
6554
1018
168
6815
9604
8233
8071
1001
6356
7354
4122
9568
8618
2148
7547
602
5576
3530
4152
7380
8567
5050
5046
2336
9148
3647
7003
7518
5416
2273
5950
1631
5188
1986
119
9006
4412
8402
8013
899
6078
5892
6273
5420
699
3778
6465
616
3083
7775
4788
5710
6285
165
1646
2048
9832
9060
110
2066
2072
2570
8554
1958
2140
8305
4055
1010
2719
9288
5905
5565
3404
9246
8864
702
8875
1134
2987
8122
3761
950
1783
2415
4064
2209
4159
6068
8685
587
5585
6006
9700
9036
2699
2231
5360
3736
3444
3795
6121
3211
9963
1166
5688
2147
5327
8196
334
1253
6461
9130
3824
3243
4259
193
6855
9561
1992
2045
3815
6918
3903
9515
9248
5400
3697
4555
1321
3082
5761
870
8242
9060
2577
7339
6466
5216
7222
2723
6538
8862
8394
4198
5871
8177
6449
9341
6037
9728
9296
1166
2460
1132
7244
4790
5572
2084
2870
5689
6675
8727
345
5045
1324
2197
8799
5485
8311
2049
4550
9405
2527
8420
8971
6093
8311
4107
8714
3188
2289
469
9413
4046
9700
4819
8951
85
640
5792
2330
7018
