688.794149
974.665047
610.696824
291.478230
713.432201
871.034775
644.303160
10.538454
875.942410
628.308274
98.323114
633.352161
610.421916
310.722937
386.154673
318.659763
177.657444
631.474128
98.466474
592.303147
237.798652
775.978645
756.713092
794.048505
888.707962
65.843790
884.494361
227.525815
384.121411
348.085901
395.086217
236.979460
239.072644
203.509450
54.707619
625.303911
465.685562
170.037840
41.448965
154.236873
726.845134
920.352642
238.749759
171.528220
375.220957
753.291332
284.424827
230.219496
408.134976
991.832214
844.600028
901.105559
495.546943
523.705449
6.455128
96.853874
807.130086
309.257643
23.786378
888.510083
501.258171
774.712379
874.549954
84.712289
957.818171
866.110352
341.361201
702.815665
871.289137
841.477857
801.198672
318.098705
965.967494
71.658161
599.180717
413.741292
516.823360
315.402368
368.842826
301.878249
906.334636
986.704525
330.838341
532.361229
11.265917
154.619847
985.980703
780.495420
460.536637
689.576309
313.588499
243.105466
292.226473
839.536058
966.033035
881.933467
96.487422
115.323873
68.788579
8.388016
209.516921
46.172336
1.950225
473.225185
529.447889
775.166161
717.756549
855.829016
197.564114
378.624910
871.323904
868.130267
278.768866
227.344149
242.537138
882.166538
257.161999
618.158261
405.923835
89.432725
572.962235
471.593903
972.713221
452.867782
227.477133
919.375075
445.130852
469.537850
731.223366
994.388748
654.843983
409.109176
410.469633
623.463591
348.469992
151.325764
695.165458
51.994802
246.227446
737.588247
167.746101
563.907907
916.016564
694.772818
215.384618
878.600971
470.138101
626.359260
462.433343
522.420939
721.305555
552.621489
112.476265
447.973100
185.429146
79.561564
196.083444
755.467519
248.200421
49.008412
49.351170
261.946719
692.463230
595.255003
995.447115
842.015975
359.879172
177.936483
945.632098
130.024424
867.294818
218.589008
856.181769
469.027257
389.534535
757.140305
529.009495
39.564088
772.927520
702.317667
299.588089
262.125210
67.169417
282.610287
116.067263
348.388022
423.207757
869.965221
204.566308
441.631471
123.970367
617.316215
508.155948
211.364848
310.765610
121.627369
129.722866
264.560244
81.649761
775.370446
158.115728
13.662363
623.476264
253.256977
531.860347
450.706610
37.930377
141.208005
932.956080
608.895042
904.523711
14.206792
987.678693
399.220041
932.534842
806.133162
245.011226
896.292660
27.669356
516.018736
17.615611
667.138566
956.573288
873.430293
327.692258
79.124667
97.064714
520.650470
825.834901
844.015811
257.993215
187.570659
435.426168
312.766028
978.781737
789.495467
324.292711
256.390734
532.703154
856.512260
652.848883
19.237080
334.918943
653.515204
982.663919
49.698539
481.941143
512.571523
426.532484
947.693148
626.370719
698.013697
410.546271
234.661588
684.434325
619.014245
757.050808
206.879963
346.798316
190.750757
934.860321
138.364249
481.965013
822.883257
806.492958
200.907731
129.845689
604.056848
721.695076
657.672687
647.951268
929.904774
247.921494
225.739655
968.508281
44.828942
496.505581
287.794619
25.810774
252.442588
816.029694
672.300280
787.883847
210.768808
39.801534
221.367371
377.372729
381.463314
765.505373
283.792741
649.109885
521.245202
551.145428
932.916499
415.812351
917.311161
560.916746
100.370705
569.821417
323.894324
663.109338
267.087655
156.524193
957.240663
738.150015
807.077428
447.246651
118.252469
522.932402
459.683837
37.781878
467.406307
561.840234
656.421082
334.211448
903.719961
740.315576
637.809892
14.022658
320.388287
170.107872
838.568839
701.855805
947.649905
893.707694
284.553010
415.685020
638.143122
747.234179
477.142623
603.267588
560.742772
641.134720
688.271330
565.213016
174.854217
463.154866
151.943270
281.069206
333.431212
748.745522
416.924521
590.296483
226.420808
432.358254
393.379275
476.449456
740.318791
677.861608
305.990913
884.088508
105.172135
253.394068
125.756973
853.391498
268.053285
486.301180
316.650998
29.190588
942.136738
950.801710
157.639368
837.114103
424.962232
140.358749
720.710387
921.884862
583.756232
728.744797
97.865652
544.833989
64.734470
310.786120
82.711847
847.629970
674.012595
204.890242
241.396789
597.728805
258.219607
585.923143
53.531795
903.678487
293.563363
297.531494
67.599082
553.003454
951.655458
534.037314
831.052532
93.326601
350.878021
200.049033
43.375805
910.481233
188.681695
389.862265
448.591963
819.203211
369.954582
498.010486
17.143649
13.192566
143.812174
18.473066
864.271911
344.613750
829.007728
610.941958
927.082079
527.605333
193.089127
156.107747
905.296518
351.770388
726.745151
768.309225
413.781074
726.036439
450.971568
889.228886
609.982244
254.408117
894.046842
277.027149
702.641664
649.288199
764.923211
261.874456
40.620518
408.949944
80.374362
191.542893
585.733672
237.154905
411.006398
627.965067
64.188549
994.906768
572.875104
617.343369
841.719918
660.260378
807.049814
564.639643
786.590372
232.993255
290.980951
179.841225
495.092553
346.026820
755.197694
59.640890
711.449328
587.177257
340.940776
142.308293
684.475060
884.969951
131.558080
855.777132
88.363476
478.069121
553.253066
551.665883
155.388085
97.079846
156.850423
637.714869
926.461837
250.166709
108.613913
461.980451
282.018737
683.961006
835.083223
16.636877
533.301467
548.478662
747.163047
278.900029
607.530965
794.847873
148.471317
415.780324
67.116695
526.983831
446.706845
593.465833
931.226990
719.028944
171.411115
38.533782
346.130370
768.919940
250.924340
244.767460
904.951324
965.837017
665.066420
225.312332
498.604851
819.739895
88.024929
350.120937
935.336167
552.846453
430.683513
295.642840
209.164888
656.577396
846.241236
491.659099
632.636624
373.920037
10.503273
91.051194
194.838575
799.578186
787.899561
946.802613
256.582692
840.746933
448.547545
855.887063
92.372716
771.122201
701.444508
41.054176
432.766281
676.456024
151.622330
607.460956
369.811469
483.166597
776.945205
676.501642
36.694775
810.035132
289.230684
573.794635
111.617393
344.181791
722.532448
540.210525
594.440864
158.894470
285.799116
338.578647
18.835630
276.009644
316.792240
397.250721
173.449168
733.486390
814.818245
334.989443
260.016454
419.492259
494.670237
939.607192
919.495393
101.233749
184.510320
920.509146
236.519080
284.304695
418.104941
131.590733
145.694006
677.060008
795.936205
365.429997
243.993144
663.553100
815.710821
135.006581
250.409661
530.927836
115.236661
471.386429
51.806854
981.797922
364.536403
464.411434
473.963028
568.737507
363.103061
320.613825
806.668118
414.782382
157.992506
129.494115
544.505161
848.569523
336.484828
359.729892
96.400896
238.981347
937.090481
776.745508
235.873320
46.688300
21.502599
805.286668
356.095364
516.242088
91.046109
650.729077
110.062267
831.238871
848.941931
134.076362
34.131081
233.995345
864.017269
22.976232
686.090108
216.248740
858.647729
859.973110
369.508569
65.622019
290.098265
570.314826
415.120567
110.780365
272.270715
611.667526
43.621778
426.947743
522.567253
724.999971
564.694445
171.813269
461.707989
881.869528
907.110311
358.779710
91.314184
885.677451
811.595814
443.222291
922.956502
188.933741
594.626444
245.758055
962.751342
538.586248
418.001518
724.183943
683.700704
974.109853
864.086322
876.638417
872.073889
209.144829
165.286521
29.377318
889.424284
165.423243
771.637640
884.743858
159.210305
125.894809
410.666600
203.430840
452.863198
906.007094
658.806872
504.332174
637.205101
356.603729
807.841563
649.223001
535.056611
503.093097
898.622000
981.532536
198.549923
699.384844
714.257656
668.187624
636.760697
814.105058
808.854059
791.878781
0.391539
258.548558
908.784384
767.204993
550.156825
744.578677
553.152036
302.299361
42.184692
319.777835
744.909396
471.092202
936.002055
196.436778
42.731192
595.038911
547.444566
178.499469
543.993529
558.600321
126.685976
541.372664
971.419536
886.774560
98.750420
869.356411
991.697830
319.960849
26.410621
408.888549
336.350941
558.092423
261.906051
841.471815
498.547205
867.310822
940.991145
299.804443
236.703542
631.883553
774.853873
636.000888
442.447026
358.763599
112.775821
777.286871
340.681343
225.828267
350.219529
924.811129
435.617977
759.329266
788.504853
1.436628
312.107464
778.745875
684.047194
188.856847
518.914774
925.862783
292.220497
600.304845
204.777886
95.998893
501.796556
954.995086
889.143022
46.237419
744.557783
342.251779
404.168563
921.788655
346.086569
706.045904
90.758329
111.949332
220.997820
289.081991
832.362928
709.149957
237.519173
824.697501
9.615831
802.957952
363.739049
90.255099
525.458340
606.505267
64.453771
705.574870
161.194695
590.643503
784.040903
172.862188
362.659260
941.835258
866.533438
900.229981
270.626334
634.550999
698.493429
693.348852
696.240957
412.239946
334.552341
247.349248
794.164560
543.424379
81.208161
996.094080
190.885273
58.623161
980.513386
206.714254
230.244747
10.869648
273.589972
7.723929
349.476594
261.110911
810.215118
881.774527
655.674290
870.406761
546.495431
637.560412
818.354922
587.637956
589.244039
771.138510
93.699391
79.808002
287.623599
628.283645
971.507317
39.924257
391.083123
500.774933
574.039862
961.265158
412.263250
539.381921
62.533909
840.771008
317.389803
120.188085
366.260438
460.106102
55.457229
820.986673
431.690427
913.367664
862.163409
657.884813
782.236971
883.347596
551.642973
991.176300
256.552296
187.544154
960.831575
914.933360
789.408661
612.453722
101.816791
638.125435
342.349449
93.444520
902.640224
533.889227
984.158106
368.988779
223.466144
678.606831
376.978832
581.471648
847.284903
26.508029
597.015784
276.251956
635.341419
608.912625
275.006468
972.348748
478.761794
548.071754
371.003472
700.382850
330.272676
489.208687
641.282518
340.593057
719.089614
613.407285
768.643475
118.980555
232.011353
21.398349
922.872589
419.535104
722.947917
487.900779
821.017080
699.519334
426.200136
522.141696
170.385083
726.679432
188.493557
90.850519
461.430170
618.281396
368.524134
15.117054
40.607299
567.449817
202.317636
870.665034
255.827464
637.327478
700.381795
101.341687
276.903986
623.158626
250.726635
726.470857
662.613599
439.321986
368.684745
735.640570
545.531893
354.595452
28.526620
524.550172
286.652344
414.141647
251.217744
703.663540
268.452412
27.138705
173.053031
366.524933
180.900237
2.861743
813.487962
73.770815
565.287520
577.070709
409.480186
406.555484
766.125250
21.055648
169.338872
854.039951
585.474932
105.884360
839.104398
115.735463
542.156426
170.571140
53.838494
779.193665
64.688483
961.236370
679.354808
600.269021
6.017466
194.749024
616.180209
344.734271
164.331403
202.526047
4.054945
119.037938
906.082223
549.811793
938.618002
712.116131
166.777676
495.653253
812.443468
307.933120
274.568775
168.196726
553.040107
595.241669
368.573299
835.810255
862.424197
913.174629
216.451443
792.201626
676.560504
681.696068
694.000313
830.537845
851.028843
352.494953
60.396560
767.076179
572.831217
294.219932
908.651539
887.416142
293.347995
299.963144
72.859006
208.763497
875.255727
709.315399
66.784665
752.288690
216.966348
